地域コード	地域	人口	面積（km2）	人口密度（1km2当たり）	世帯数
0	全国	127094745	377970.75	340.8	53448685
1	市部	116137232	216973.76	535.5	49319924
2	郡部	10957513	160912.77	70.2	4128761
1000	北海道	5381733	83424.31	68.6	2444810
1001	市部	4395172	18536.2	238.3	2021698
1002	郡部	986561	64829.1	16.5	423112
1100	札幌市	1952356	1121.26	1741.2	921837
1101	札幌市 中央区	237627	46.42	5119.1	132006
1102	札幌市 北区	285321	63.57	4488.3	133662
1103	札幌市 東区	261912	56.97	4597.4	124425
1104	札幌市 白石区	209584	34.47	6080.2	104608
1105	札幌市 豊平区	218652	46.23	4729.7	110171
1106	札幌市 南区	141190	657.48	214.7	61291
1107	札幌市 西区	213578	75.1	2843.9	97750
1108	札幌市 厚別区	127767	24.38	5240.6	55585
1109	札幌市 手稲区	140999	56.77	2483.7	57333
1110	札幌市 清田区	115726	59.87	1933	45006
1202	函館市	265979	677.86	392.4	123950
1203	小樽市	121924	243.83	500	55466
1204	旭川市	339605	747.66	454.2	155747
1205	室蘭市	88564	80.88	1095	43616
1206	釧路市	174742	1362.92	128.2	82078
1207	帯広市	169327	619.34	273.4	77707
1208	北見市	121226	1427.41	84.9	56202
1209	夕張市	8843	763.07	11.6	4539
1210	岩見沢市	84499	481.02	175.7	36155
1211	網走市	39077	471	83	18035
1212	留萌市	22221	297.83	74.6	10402
1213	苫小牧市	172737	561.57	307.6	78298
1214	稚内市	36380	761.47	47.8	16486
1215	美唄市	23035	277.69	83	10173
1216	芦別市	14676	865.04	17	6862
1217	江別市	120636	187.38	643.8	51983
1218	赤平市	11105	129.88	85.5	4980
1219	紋別市	23109	830.78	27.8	11127
1220	士別市	19914	1119.22	17.8	8650
1221	名寄市	29048	535.2	54.3	13086
1222	三笠市	9076	302.52	30	4254
1223	根室市	26917	506.25	65.4	11383
1224	千歳市	95648	594.5	160.9	40638
1225	滝川市	41192	115.9	355.4	18651
1226	砂川市	17694	78.68	224.9	7858
1227	歌志内市	3585	55.95	64.1	1665
1228	深川市	21909	529.42	41.4	9669
1229	富良野市	22936	600.71	38.2	9929
1230	登別市	49625	212.21	233.8	21681
1231	恵庭市	69702	294.65	236.6	28846
1233	伊達市	34995	444.21	78.8	15054
1234	北広島市	59064	119.05	496.1	23551
1235	石狩市	57436	722.42	79.5	22632
1236	北斗市	46390	397.44	116.7	18508
1300	石狩振興局	20607	500.89	41.1	8397
1303	当別町	17278	422.86	40.9	7327
1304	新篠津村	3329	78.04	42.7	1070
1330	渡島総合振興局	92429	2862.16	32.3	39390
1331	松前町	7337	293.25	25	3571
1332	福島町	4422	187.28	23.6	2039
1333	知内町	4653	196.75	23.6	2003
1334	木古内町	4547	221.87	20.5	2140
1337	七飯町	28120	216.75	129.7	11141
1343	鹿部町	4226	110.64	38.2	1660
1345	森町	15946	368.79	43.2	6628
1346	八雲町	17252	956.07	18	7523
1347	長万部町	5926	310.76	19.1	2685
1360	檜山振興局	37870	2630.32	14.4	16831
1361	江差町	8248	109.53	75.3	3752
1362	上ノ国町	4876	547.71	8.9	2173
1363	厚沢部町	4049	460.58	8.8	1765
1364	乙部町	3906	162.59	24	1729
1367	奥尻町	2690	142.97	18.8	1270
1370	今金町	5628	568.25	9.9	2280
1371	せたな町	8473	638.69	13.3	3862
1390	後志総合振興局	93598	4062.05	23	42550
1391	島牧村	1499	437.18	3.4	661
1392	寿都町	3137	95.24	32.9	1420
1393	黒松内町	3082	345.65	8.9	1336
1394	蘭越町	4843	449.78	10.8	2086
1395	ニセコ町	4958	197.13	25.2	2274
1396	真狩村	2103	114.25	18.4	855
1397	留寿都村	1907	119.84	15.9	915
1398	喜茂別町	2294	189.41	12.1	1123
1399	京極町	3187	231.49	13.8	1281
1400	倶知安町	15018	261.34	57.5	6974
1401	共和町	6224	304.91	20.4	2854
1402	岩内町	13042	70.6	184.7	6228
1403	泊村	1771	82.28	21.5	886
1404	神恵内村	1004	147.8	6.8	434
1405	積丹町	2115	238.14	8.9	994
1406	古平町	3188	188.36	16.9	1446
1407	仁木町	3498	167.96	20.8	1480
1408	余市町	19607	140.59	139.5	8769
1409	赤井川村	1121	280.09	4	534
1420	空知総合振興局	72722	2192.42	33.2	29067
1423	南幌町	7927	81.36	97.4	2973
1424	奈井江町	5674	88.19	64.3	2466
1425	上砂川町	3479	39.98	87	1744
1427	由仁町	5314	133.74	39.7	2149
1428	長沼町	11076	168.52	65.7	4257
1429	栗山町	12344	203.93	60.5	5186
1430	月形町	4577	150.4	30.4	1466
1431	浦臼町	1985	101.83	19.5	850
1432	新十津川町	6831	495.47	13.8	2570
1433	妹背牛町	3091	48.64	63.5	1269
1434	秩父別町	2513	47.18	53.3	1017
1436	雨竜町	2749	191.15	14.4	1005
1437	北竜町	1981	158.7	12.5	782
1438	沼田町	3181	283.35	11.2	1333
1450	上川総合振興局	91955	7615.91	12.1	38295
1452	鷹栖町	7018	139.42	50.3	2717
1453	東神楽町	10233	68.5	149.4	3657
1454	当麻町	6689	204.9	32.6	2698
1455	比布町	3777	86.9	43.5	1586
1456	愛別町	2976	250.13	11.9	1305
1457	上川町	4044	1049.47	3.9	2102
1458	東川町	8111	247.3	32.8	3148
1459	美瑛町	10292	676.78	15.2	4288
1460	上富良野町	10826	237.1	45.7	4363
1461	中富良野町	5069	108.65	46.7	2025
1462	南富良野町	2555	665.54	3.8	1132
1463	占冠村	1211	571.41	2.1	704
1464	和寒町	3596	225.11	16	1533
1465	剣淵町	3228	130.99	24.6	1330
1468	下川町	3547	644.2	5.5	1674
1469	美深町	4659	672.09	6.9	2041
1470	音威子府村	832	275.63	3	405
1471	中川町	1767	594.74	3	897
1472	幌加内町	1525	767.04	2	690
1480	留萌振興局	25691	3148.05	8.2	11508
1481	増毛町	4497	369.71	12.2	2051
1482	小平町	3336	627.22	5.3	1406
1483	苫前町	3265	454.6	7.2	1420
1484	羽幌町	7327	472.65	15.5	3367
1485	初山別村	1217	279.51	4.4	537
1486	遠別町	2806	590.8	4.7	1225
1487	天塩町	3243	353.56	9.2	1502
1510	宗谷総合振興局	31123	3864.6	8.1	14257
1511	猿払村	2684	589.97	4.5	1174
1512	浜頓別町	3881	401.64	9.7	1845
1513	中頓別町	1757	398.51	4.4	775
1514	枝幸町	8437	1115.93	7.6	3772
1516	豊富町	4054	520.69	7.8	1782
1517	礼文町	2773	81.64	34	1353
1518	利尻町	2303	76.51	30.1	1154
1519	利尻富士町	2787	105.61	26.4	1264
1520	幌延町	2447	574.1	4.3	1138
1540	オホーツク総合振興局	110130	7961.41	13.8	47261
1543	美幌町	20296	438.41	46.3	8626
1544	津別町	5008	716.8	7	2231
1545	斜里町	12231	737.12	16.6	5547
1546	清里町	4221	402.76	10.5	1671
1547	小清水町	5085	286.89	17.7	2033
1549	訓子府町	5100	190.95	26.7	1910
1550	置戸町	3092	527.27	5.9	1304
1552	佐呂間町	5362	404.94	13.2	2311
1555	遠軽町	20873	1332.45	15.7	9278
1559	湧別町	9231	505.79	18.3	3861
1560	滝上町	2721	766.89	3.5	1295
1561	興部町	3909	362.54	10.8	1757
1562	西興部村	1116	308.08	3.6	501
1563	雄武町	4525	636.86	7.1	2062
1564	大空町	7360	343.66	21.4	2874
1570	胆振総合振興局	55834	2398.17	23.3	24897
1571	豊浦町	4291	233.57	18.4	1973
1575	壮瞥町	2922	205.01	14.3	1168
1578	白老町	17740	425.64	41.7	7955
1581	厚真町	4838	404.61	12	2126
1584	洞爺湖町	9299	180.81	51.4	4240
1585	安平町	8148	237.16	34.4	3651
1586	むかわ町	8596	711.36	12.1	3784
1600	日高振興局	69015	4811.13	14.3	31153
1601	日高町	12378	992.11	12.5	5781
1602	平取町	5315	743.09	7.2	2373
1604	新冠町	5592	585.81	9.5	2405
1607	浦河町	13075	694.26	18.8	6178
1608	様似町	4518	364.3	12.4	2044
1609	えりも町	4906	284	17.3	1929
1610	新ひだか町	23231	1147.55	20.2	10443
1630	十勝総合振興局	174109	10212.28	17	72818
1631	音更町	44807	466.02	96.1	18019
1632	士幌町	6132	259.19	23.7	2479
1633	上士幌町	4765	694.23	6.9	2177
1634	鹿追町	5542	402.88	13.8	2258
1635	新得町	6288	1063.83	5.9	3043
1636	清水町	9599	402.25	23.9	4131
1637	芽室町	18484	513.76	36	7169
1638	中札内村	3966	292.58	13.6	1609
1639	更別村	3185	176.9	18	1239
1641	大樹町	5738	815.68	7	2534
1642	広尾町	7030	596.54	11.8	3157
1643	幕別町	26760	477.64	56	10944
1644	池田町	6882	371.79	18.5	3044
1645	豊頃町	3182	536.71	5.9	1362
1646	本別町	7358	391.91	18.8	3260
1647	足寄町	6990	1408.04	5	3179
1648	陸別町	2482	608.9	4.1	1128
1649	浦幌町	4919	729.85	6.7	2086
1660	釧路総合振興局	61774	4634.58	13.3	25984
1661	釧路町	19833	252.66	78.5	8119
1662	厚岸町	9778	739.26	13.2	4115
1663	浜中町	6061	423.63	14.3	2325
1664	標茶町	7742	1099.37	7	3281
1665	弟子屈町	7758	774.33	10	3509
1667	鶴居村	2534	571.8	4.4	1026
1668	白糠町	8068	773.53	10.4	3609
1690	根室振興局	49704	7994.12	16.1	20704
1691	別海町	15273	1319.63	11.6	5997
1692	中標津町	23774	684.87	34.7	10437
1693	標津町	5242	624.68	8.4	2169
1694	羅臼町	5415	397.72	13.6	2101
2000	青森県	1308265	9645.59	135.6	510945
2001	市部	1013321	4584.81	221	403491
2002	郡部	294944	5060.78	58.3	107454
2201	青森市	287648	824.61	348.8	118234
2202	弘前市	177411	524.2	338.4	71152
2203	八戸市	231257	305.54	756.9	93750
2204	黒石市	34284	217.05	158	11770
2205	五所川原市	55181	404.18	136.5	21143
2206	十和田市	63429	725.65	87.4	25487
2207	三沢市	40196	119.87	335.3	16367
2208	むつ市	58493	864.16	67.7	24475
2209	つがる市	33316	253.55	131.4	10984
2210	平川市	32106	346.01	92.8	10129
2300	東津軽郡	22992	653.48	35.2	8784
2301	平内町	11142	217.09	51.3	3971
2303	今別町	2756	125.27	22	1277
2304	蓬田村	2896	80.84	35.8	959
2307	外ヶ浜町	6198	230.29	26.9	2577
2320	西津軽郡	18555	831.96	22.3	7155
2321	鰺ヶ沢町	10126	343.08	29.5	3851
2323	深浦町	8429	488.89	17.2	3304
2340	中津軽郡	1415	246.02	5.8	488
2343	西目屋村	1415	246.02	5.8	488
2360	南津軽郡	32638	223.06	146.3	10745
2361	藤崎町	15179	37.29	407.1	4942
2362	大鰐町	9676	163.43	59.2	3421
2367	田舎館村	7783	22.35	348.2	2382
2380	北津軽郡	38514	304.64	126.4	13182
2381	板柳町	13935	41.88	332.7	4680
2384	鶴田町	13392	46.43	288.4	4384
2387	中泊町	11187	216.32	51.7	4118
2400	上北郡	96904	1280.32	75.7	35807
2401	野辺地町	13524	81.68	165.6	5565
2402	七戸町	15709	337.23	46.6	5572
2405	六戸町	10423	83.89	124.2	3570
2406	横浜町	4535	126.38	35.9	1785
2408	東北町	17955	326.5	55	5974
2411	六ヶ所村	10536	252.68	41.7	4683
2412	おいらせ町	24222	71.96	336.6	8658
2420	下北郡	15958	551.96	28.9	6459
2423	大間町	5227	52.1	100.3	2152
2424	東通村	6607	295.27	22.4	2578
2425	風間浦村	1976	69.55	28.4	823
2426	佐井村	2148	135.04	15.9	906
2440	三戸郡	67968	969.33	70.1	24834
2441	三戸町	10135	151.79	66.8	3756
2442	五戸町	17433	177.67	98.1	6123
2443	田子町	5554	241.98	23	2006
2445	南部町	18312	153.12	119.6	6419
2446	階上町	14025	94.01	149.2	5699
2450	新郷村	2509	150.77	16.6	831
3000	岩手県	1279594	15275.01	83.8	493049
3001	市部	1054276	9650.72	109.2	411806
3002	郡部	225318	5624.29	40.1	81243
3201	盛岡市	297631	886.47	335.7	129718
3202	宮古市	56676	1259.15	45	23387
3203	大船渡市	38058	322.5	118	14807
3205	花巻市	97702	908.39	107.6	33799
3206	北上市	93511	437.55	213.7	35861
3207	久慈市	35642	623.5	57.2	14256
3208	遠野市	28062	825.97	34	9973
3209	一関市	121583	1256.42	96.8	43046
3210	陸前高田市	19758	231.94	85.2	7487
3211	釜石市	36802	440.34	83.6	16860
3213	二戸市	27611	420.42	65.7	10670
3214	八幡平市	26355	862.3	30.6	9429
3215	奥州市	119422	993.3	120.2	41726
3216	滝沢市	55463	182.46	304	20787
3300	岩手郡	37017	1404.24	26.4	12895
3301	雫石町	16981	608.82	27.9	5508
3302	葛巻町	6344	434.96	14.6	2460
3303	岩手町	13692	360.46	38	4927
3320	紫波郡	60292	306.3	196.8	20710
3321	紫波町	32614	238.98	136.5	10808
3322	矢巾町	27678	67.32	411.1	9902
3360	和賀郡	5880	590.74	10	2146
3366	西和賀町	5880	590.74	10	2146
3380	胆沢郡	15895	179.76	88.4	5556
3381	金ケ崎町	15895	179.76	88.4	5556
3400	西磐井郡	7868	63.39	124.1	2478
3402	平泉町	7868	63.39	124.1	2478
3440	気仙郡	5720	334.84	17.1	2117
3441	住田町	5720	334.84	17.1	2117
3460	上閉伊郡	11759	200.42	58.7	4927
3461	大槌町	11759	200.42	58.7	4927
3480	下閉伊郡	31928	1481.02	21.6	12787
3482	山田町	15826	262.81	60.2	6218
3483	岩泉町	9841	992.36	9.9	4174
3484	田野畑村	3466	156.19	22.2	1292
3485	普代村	2795	69.66	40.1	1103
3500	九戸郡	36040	763.55	47.2	12783
3501	軽米町	9333	245.82	38	3318
3503	野田村	4149	80.8	51.3	1516
3506	九戸村	5865	134.02	43.8	1990
3507	洋野町	16693	302.92	55.1	5959
3520	二戸郡	12919	300.03	43.1	4844
3524	一戸町	12919	300.03	43.1	4844
4000	宮城県	2333899	7282.22	320.5	944720
4001	市部	1922201	4542.23	423.2	803187
4002	郡部	411698	2740	150.3	141533
4100	仙台市	1082159	786.3	1376.3	498953
4101	仙台市 青葉区	310183	302.24	1026.3	158562
4102	仙台市 宮城野区	194825	58.19	3348.1	90166
4103	仙台市 若林区	133498	50.86	2624.8	61963
4104	仙台市 太白区	226855	228.39	993.3	98456
4105	仙台市 泉区	216798	146.61	1478.7	89806
4202	石巻市	147214	554.58	265.5	56819
4203	塩竈市	54187	17.37	3119.6	20519
4205	気仙沼市	64988	332.44	195.5	24152
4206	白石市	35272	286.48	123.1	12585
4207	名取市	76668	98.17	781	27529
4208	角田市	30180	147.53	204.6	10398
4209	多賀城市	62096	19.69	3153.7	24097
4211	岩沼市	44678	60.45	739.1	16631
4212	登米市	81959	536.12	152.9	26196
4213	栗原市	69906	804.97	86.8	23133
4214	東松島市	39503	101.36	389.7	13868
4215	大崎市	133391	796.76	167.4	48307
4300	刈田郡	13777	415.92	33.1	4490
4301	蔵王町	12316	152.83	80.6	3923
4302	七ヶ宿町	1461	263.09	5.6	567
4320	柴田郡	83991	428.17	196.2	30864
4321	大河原町	23798	24.99	952.3	9099
4322	村田町	11501	78.38	146.7	3764
4323	柴田町	39525	54.03	731.5	15121
4324	川崎町	9167	270.77	33.9	2880
4340	伊具郡	13972	273.3	51.1	4547
4341	丸森町	13972	273.3	51.1	4547
4360	亘理郡	45904	138.18	332.2	15763
4361	亘理町	33589	73.6	456.4	11334
4362	山元町	12315	64.58	190.7	4429
4400	宮城郡	68908	111.64	617.2	23470
4401	松島町	14421	53.56	269.2	5112
4404	七ヶ浜町	18652	13.19	1414.1	6167
4406	利府町	35835	44.89	798.3	12191
4420	黒川郡	93908	417	225.2	31847
4421	大和町	28244	225.49	125.3	10177
4422	大郷町	8370	82.01	102.1	2421
4423	富谷町	51591	49.18	1049	17494
4424	大衡村	5703	60.32	94.5	1755
4440	加美郡	30981	569.94	54.4	9538
4444	色麻町	7238	109.28	66.2	1974
4445	加美町	23743	460.67	51.5	7564
4500	遠田郡	41553	157.1	264.5	13819
4501	涌谷町	16701	82.16	203.3	5476
4505	美里町	24852	74.95	331.6	8343
4580	牡鹿郡	6334	65.35	96.9	3154
4581	女川町	6334	65.35	96.9	3154
4600	本吉郡	12370	163.4	75.7	4041
4606	南三陸町	12370	163.4	75.7	4041
5000	秋田県	1023119	11637.54	87.9	388560
5001	市部	925806	9340.13	99.1	355623
5002	郡部	97313	2275.44	42.8	32937
5201	秋田市	315814	906.09	348.5	135318
5202	能代市	54730	426.95	128.2	22371
5203	横手市	92197	692.8	133.1	31463
5204	大館市	74175	913.22	81.2	28242
5206	男鹿市	28375	241.09	117.7	11147
5207	湯沢市	46613	790.91	58.9	16384
5209	鹿角市	32038	707.52	45.3	11508
5210	由利本荘市	79927	1209.6	66.1	28349
5211	潟上市	33083	97.73	338.5	12023
5212	大仙市	82783	866.77	95.5	28198
5213	北秋田市	33224	1152.76	28.8	12222
5214	にかほ市	25324	241.13	105	8804
5215	仙北市	27523	1093.56	25.2	9594
5300	鹿角郡	5339	201.7	26.5	2168
5303	小坂町	5339	201.7	26.5	2168
5320	北秋田郡	2381	256.72	9.3	918
5327	上小阿仁村	2381	256.72	9.3	918
5340	山本郡	27746	764.26	36.3	9931
5346	藤里町	3359	282.13	11.9	1215
5348	三種町	17078	247.98	68.9	6010
5349	八峰町	7309	234.14	31.2	2706
5360	南秋田郡	23639	449.97	52.5	8152
5361	五城目町	9463	214.92	44	3573
5363	八郎潟町	6080	17	357.6	2220
5366	井川町	4986	47.95	104	1563
5368	大潟村	3110	170.11	18.3	796
5420	仙北郡	20279	168.34	120.5	6152
5434	美郷町	20279	168.34	120.5	6152
5460	雄勝郡	17929	434.46	41.3	5616
5463	羽後町	15319	230.78	66.4	4807
5464	東成瀬村	2610	203.69	12.8	809
6000	山形県	1123891	9323.15	120.5	393396
6001	市部	897041	4711.77	190.4	324237
6002	郡部	226850	4611.38	49.2	69159
6201	山形市	253832	381.3	665.7	100303
6202	米沢市	85953	548.51	156.7	32997
6203	鶴岡市	129652	1311.53	98.9	45339
6204	酒田市	106244	602.97	176.2	39320
6205	新庄市	36894	222.85	165.6	12961
6206	寒河江市	41256	139.03	296.7	13086
6207	上山市	31569	240.93	131	10694
6208	村山市	24684	196.98	125.3	7713
6209	長井市	27757	214.67	129.3	9109
6210	天童市	62194	113.01	550.3	21428
6211	東根市	47768	206.94	230.8	15473
6212	尾花沢市	16953	372.53	45.5	5109
6213	南陽市	32285	160.52	201.1	10705
6300	東村山郡	25732	92.6	277.9	7867
6301	山辺町	14369	61.45	233.8	4440
6302	中山町	11363	31.15	364.8	3427
6320	西村山郡	40179	796.53	50.4	12524
6321	河北町	18952	52.45	361.3	5865
6322	西川町	5636	393.19	14.3	1785
6323	朝日町	7119	196.81	36.2	2242
6324	大江町	8472	154.08	55	2632
6340	北村山郡	7357	79.54	92.5	2143
6341	大石田町	7357	79.54	92.5	2143
6360	最上郡	41001	1580.38	25.9	12037
6361	金山町	5829	161.67	36.1	1643
6362	最上町	8902	330.37	26.9	2665
6363	舟形町	5631	119.04	47.3	1621
6364	真室川町	8137	374.22	21.7	2478
6365	大蔵村	3412	211.63	16.1	1016
6366	鮭川村	4317	122.14	35.3	1224
6367	戸沢村	4773	261.31	18.3	1390
6380	東置賜郡	39633	346.86	114.3	11771
6381	高畠町	23882	180.26	132.5	7218
6382	川西町	15751	166.6	94.5	4553
6400	西置賜郡	29347	1224.68	24	9448
6401	小国町	7868	737.56	10.7	2845
6402	白鷹町	14175	157.71	89.9	4405
6403	飯豊町	7304	329.41	22.2	2198
6420	東田川郡	29394	282.39	104.1	8860
6426	三川町	7728	33.22	232.6	2223
6428	庄内町	21666	249.17	87	6637
6460	飽海郡	14207	208.39	68.2	4509
6461	遊佐町	14207	208.39	68.2	4509
7000	福島県	1914039	13783.74	138.9	737598
7001	市部	1579063	6031.54	261.8	622550
7002	郡部	334976	7752.2	43.2	115048
7201	福島市	294247	767.72	383.3	122269
7202	会津若松市	124062	382.97	323.9	49431
7203	郡山市	335444	757.2	443	138310
7204	いわき市	350237	1232.02	284.3	141069
7205	白河市	61913	305.32	202.8	23004
7207	須賀川市	77441	279.43	277.1	26345
7208	喜多方市	49377	554.63	89	16752
7209	相馬市	38556	197.79	194.9	15209
7210	二本松市	58162	344.42	168.9	19810
7211	田村市	38503	458.33	84	12734
7212	南相馬市	57797	398.58	145	25944
7213	伊達市	62400	265.12	235.4	21624
7214	本宮市	30924	88.02	351.3	10049
7300	伊達郡	36235	208.62	173.7	13082
7301	桑折町	12271	42.97	285.6	4276
7303	国見町	9512	37.95	250.6	3291
7308	川俣町	14452	127.7	113.2	5515
7320	安達郡	8679	79.44	109.3	2619
7322	大玉村	8679	79.44	109.3	2619
7340	岩瀬郡	18097	256.82	70.5	5843
7342	鏡石町	12486	31.3	398.9	4205
7344	天栄村	5611	225.52	24.9	1638
7360	南会津郡	27149	2341.53	11.6	10267
7362	下郷町	5800	317.04	18.3	2002
7364	檜枝岐村	615	390.46	1.6	257
7367	只見町	4470	747.56	6	1762
7368	南会津町	16264	886.47	18.3	6246
7400	耶麻郡	28029	986.88	28.4	9595
7402	北塩原村	2831	234.08	12.1	1008
7405	西会津町	6582	298.18	22.1	2531
7407	磐梯町	3579	59.77	59.9	1117
7408	猪苗代町	15037	394.85	38.1	4939
7420	河沼郡	23045	283.79	81.2	7504
7421	会津坂下町	16303	91.59	178	5391
7422	湯川村	3206	16.37	195.8	906
7423	柳津町	3536	175.82	20.1	1207
7440	大沼郡	26092	870.51	30	8956
7444	三島町	1668	90.81	18.4	674
7445	金山町	2189	293.92	7.4	956
7446	昭和村	1322	209.46	6.3	616
7447	会津美里町	20913	276.33	75.7	6710
7460	西白河郡	49188	306.8	160.3	16758
7461	西郷村	20322	192.06	105.8	7458
7464	泉崎村	6495	35.43	183.3	2059
7465	中島村	5001	18.92	264.3	1395
7466	矢吹町	17370	60.4	287.6	5846
7480	東白川郡	32979	620.95	53.1	10781
7481	棚倉町	14295	159.93	89.4	4753
7482	矢祭町	5950	118.27	50.3	1921
7483	塙町	9157	211.41	43.3	3043
7484	鮫川村	3577	131.34	27.2	1064
7500	石川郡	41112	456.52	90.1	12923
7501	石川町	15880	115.71	137.2	5244
7502	玉川村	6777	46.67	145.2	1974
7503	平田村	6505	93.42	69.6	1989
7504	浅川町	6577	37.43	175.7	2055
7505	古殿町	5373	163.29	32.9	1661
7520	田村郡	28779	197.95	145.4	9655
7521	三春町	18304	72.76	251.6	6230
7522	小野町	10475	125.18	83.7	3425
7540	双葉郡	7333	865.71	8.5	4365
7541	広野町	4319	58.69	73.6	2435
7542	楢葉町	975	103.64	9.4	839
7543	富岡町	0	68.39	0	0
7544	川内村	2021	197.35	10.2	1082
7545	大熊町	0	78.71	0	0
7546	双葉町	0	51.42	0	0
7547	浪江町	0	223.14	0	0
7548	葛尾村	18	84.37	0.2	9
7560	相馬郡	8259	276.67	29.9	2700
7561	新地町	8218	46.53	176.6	2699
7564	飯舘村	41	230.13	0.2	1
8000	茨城県	2916976	6097.06	478.4	1124349
8001	市部	2647421	5090.31	520.1	1026438
8002	郡部	269555	1006.76	267.7	97911
8201	水戸市	270783	217.32	1246	117590
8202	日立市	185054	225.74	819.8	78625
8203	土浦市	140804	122.89	1145.8	57257
8204	古河市	140946	123.58	1140.5	52571
8205	石岡市	76020	215.53	352.7	27288
8207	結城市	51594	65.76	784.6	18267
8208	龍ケ崎市	78342	78.55	997.4	30472
8210	下妻市	43293	80.88	535.3	15036
8211	常総市	61483	123.64	497.3	20600
8212	常陸太田市	52294	371.99	140.6	19436
8214	高萩市	29638	193.58	153.1	11751
8215	北茨城市	44412	186.8	237.8	16871
8216	笠間市	76739	240.4	319.2	28202
8217	取手市	106570	69.94	1523.7	43477
8219	牛久市	84317	58.92	1431	33223
8220	つくば市	226963	283.72	800	98190
8221	ひたちなか市	155689	99.93	1558	61104
8222	鹿嶋市	67879	106.02	640.2	27450
8223	潮来市	29111	71.4	407.7	10547
8224	守谷市	64753	35.71	1813.3	24867
8225	常陸大宮市	42587	348.45	122.2	16005
8226	那珂市	54276	97.82	554.9	20025
8227	筑西市	104573	205.3	509.4	35683
8228	坂東市	54087	123.03	439.6	17327
8229	稲敷市	42810	205.81	208	14453
8230	かすみがうら市	42147	156.6	269.1	15142
8231	桜川市	42632	180.06	236.8	13585
8232	神栖市	94522	146.94	643.3	37221
8233	行方市	34909	222.48	156.9	11115
8234	鉾田市	48147	207.61	231.9	17430
8235	つくばみらい市	49136	79.16	620.7	18137
8236	小美玉市	50911	144.74	351.7	17491
8300	東茨城郡	69607	307.12	226.6	25083
8302	茨城町	32921	121.58	270.8	11356
8309	大洗町	16886	23.74	711.3	6661
8310	城里町	19800	161.8	122.4	7066
8340	那珂郡	37713	37.98	993	14494
8341	東海村	37713	37.98	993	14494
8360	久慈郡	18053	325.76	55.4	6733
8364	大子町	18053	325.76	55.4	6733
8440	稲敷郡	72545	182.3	397.9	27709
8442	美浦村	15842	66.61	237.8	5958
8443	阿見町	47535	71.4	665.8	18801
8447	河内町	9168	44.3	207	2950
8520	結城郡	22021	58.99	373.3	6799
8521	八千代町	22021	58.99	373.3	6799
8540	猿島郡	33303	69.7	477.8	10955
8542	五霞町	8786	23.11	380.2	2894
8546	境町	24517	46.59	526.2	8061
8560	北相馬郡	16313	24.9	655.1	6138
8564	利根町	16313	24.9	655.1	6138
9000	栃木県	1974255	6408.09	308.1	763097
9001	市部	1731571	5053.84	342.6	676495
9002	郡部	242684	1354.25	179.2	86602
9201	宇都宮市	518594	416.85	1244.1	217419
9202	足利市	149452	177.76	840.8	60186
9203	栃木市	159211	331.5	480.3	57838
9204	佐野市	118919	356.04	334	46390
9205	鹿沼市	98374	490.64	200.5	35079
9206	日光市	83386	1449.83	57.5	32658
9208	小山市	166760	171.76	970.9	65792
9209	真岡市	79539	167.34	475.3	27949
9210	大田原市	75457	354.36	212.9	28753
9211	矢板市	33354	170.46	195.7	12342
9213	那須塩原市	117146	592.74	197.6	45608
9214	さくら市	44901	125.63	357.4	15648
9215	那須烏山市	27047	174.35	155.1	9439
9216	下野市	59431	74.59	796.8	21394
9300	河内郡	31046	54.39	570.8	10777
9301	上三川町	31046	54.39	570.8	10777
9340	芳賀郡	63378	396.5	159.8	21425
9342	益子町	23281	89.4	260.4	7787
9343	茂木町	13188	172.69	76.4	4572
9344	市貝町	11720	64.25	182.4	4109
9345	芳賀町	15189	70.16	216.5	4957
9360	下都賀郡	65243	91.32	714.4	24788
9361	壬生町	39951	61.06	654.3	15258
9364	野木町	25292	30.26	835.8	9530
9380	塩谷郡	41134	246.92	166.6	15217
9384	塩谷町	11495	176.06	65.3	3696
9386	高根沢町	29639	70.87	418.2	11521
9400	那須郡	41883	565.12	74.1	14395
9407	那須町	24919	372.34	66.9	8564
9411	那珂川町	16964	192.78	88	5831
10000	群馬県	1973115	6362.28	310.1	773952
10001	市部	1678998	2892.74	580.4	661772
10002	郡部	294117	3469.55	84.8	112180
10201	前橋市	336154	311.59	1078.8	136900
10202	高崎市	370884	459.16	807.7	150180
10203	桐生市	114714	274.45	418	46034
10204	伊勢崎市	208814	139.44	1497.5	80110
10205	太田市	219807	175.54	1252.2	86267
10206	沼田市	48676	443.46	109.8	19178
10207	館林市	76667	60.97	1257.5	30219
10208	渋川市	78391	240.27	326.3	28812
10209	藤岡市	65708	180.29	364.5	24569
10210	富岡市	49746	122.85	404.9	18255
10211	安中市	58531	276.31	211.8	22381
10212	みどり市	50906	208.42	244.2	18867
10340	北群馬郡	35409	48.38	731.9	12176
10344	榛東村	14329	27.92	513.2	4887
10345	吉岡町	21080	20.46	1030.3	7289
10360	多野郡	3184	296.44	10.7	1481
10366	上野村	1230	181.85	6.8	578
10367	神流町	1954	114.6	17.1	903
10380	甘楽郡	22743	365.81	62.2	8532
10382	下仁田町	7564	188.38	40.2	3040
10383	南牧村	1979	118.83	16.7	953
10384	甘楽町	13200	58.61	225.2	4539
10420	吾妻郡	56391	1278.55	44.1	22192
10421	中之条町	16850	439.28	38.4	6529
10424	長野原町	5536	133.85	41.4	2322
10425	嬬恋村	9780	337.58	29	3664
10426	草津町	6518	49.75	131	3275
10428	高山村	3674	64.18	57.2	1167
10429	東吾妻町	14033	253.91	55.3	5235
10440	利根郡	34731	1322.23	26.3	12604
10443	片品村	4390	391.76	11.2	1554
10444	川場村	3647	85.25	42.8	980
10448	昭和村	7347	64.14	114.5	2476
10449	みなかみ町	19347	781.08	24.8	7594
10460	佐波郡	36654	25.78	1421.8	14337
10464	玉村町	36654	25.78	1421.8	14337
10520	邑楽郡	105005	132.36	793.3	40858
10521	板倉町	15015	41.86	358.7	5365
10522	明和町	11044	19.64	562.3	3914
10523	千代田町	11318	21.73	520.8	3981
10524	大泉町	41202	18.03	2285.2	18070
10525	邑楽町	26426	31.11	849.4	9528
11000	埼玉県	7266534	3797.75	1913.4	2971659
11001	市部	6760813	2823.05	2394.9	2781840
11002	郡部	505721	974.7	518.8	189819
11100	さいたま市	1263979	217.43	5813.3	533209
11101	さいたま市 西区	87146	29.12	2992.7	33871
11102	さいたま市 北区	143446	16.86	8508.1	61756
11103	さいたま市 大宮区	113864	12.8	8895.6	53265
11104	さいたま市 見沼区	161960	30.69	5277.3	65666
11105	さいたま市 中央区	98762	8.39	11771.4	42872
11106	さいたま市 桜区	97910	18.64	5252.7	43331
11107	さいたま市 浦和区	154416	11.51	13415.8	67136
11108	さいたま市 南区	180152	13.82	13035.6	77895
11109	さいたま市 緑区	116522	26.44	4407	44475
11110	さいたま市 岩槻区	109801	49.17	2233.1	42942
11201	川越市	350745	109.13	3214	145715
11202	熊谷市	198742	159.82	1243.5	77004
11203	川口市	578112	61.95	9331.9	245830
11206	行田市	82113	67.49	1216.7	31015
11207	秩父市	63555	577.83	110	24038
11208	所沢市	340386	72.11	4720.4	145834
11209	飯能市	80715	193.05	418.1	31749
11210	加須市	112229	133.3	841.9	41034
11211	本庄市	77881	89.69	868.3	31004
11212	東松山市	91437	65.35	1399.2	37224
11214	春日部市	232709	66	3525.9	94463
11215	狭山市	152405	48.99	3110.9	62028
11216	羽生市	54874	58.64	935.8	20366
11217	鴻巣市	118072	67.44	1750.8	45043
11218	深谷市	143811	138.37	1039.3	53384
11219	上尾市	225196	45.51	4948.3	91399
11221	草加市	247034	27.46	8996.1	105827
11222	越谷市	337498	60.24	5602.6	136460
11223	蕨市	72260	5.11	14140.9	34174
11224	戸田市	136150	18.19	7484.9	59432
11225	入間市	148390	44.69	3320.4	59004
11227	朝霞市	136299	18.34	7431.8	59515
11228	志木市	72676	9.05	8030.5	30607
11229	和光市	80826	11.04	7321.2	36898
11230	新座市	162122	22.78	7116.9	67250
11231	桶川市	73936	25.35	2916.6	28685
11232	久喜市	152311	82.41	1848.2	59082
11233	北本市	67409	19.82	3401.1	26845
11234	八潮市	86717	18.02	4812.3	35763
11235	富士見市	108102	19.77	5468	47169
11237	三郷市	136521	30.13	4531.1	55288
11238	蓮田市	62380	27.28	2286.7	24543
11239	坂戸市	101679	41.02	2478.8	42883
11240	幸手市	52524	33.93	1548	20568
11241	鶴ヶ島市	70255	17.65	3980.5	28658
11242	日高市	56520	47.48	1190.4	22145
11243	吉川市	69738	31.66	2202.7	25716
11245	ふじみ野市	110970	14.64	7579.9	45806
11246	白岡市	51535	24.92	2068	19183
11300	北足立郡	44442	14.79	3004.9	16701
11301	伊奈町	44442	14.79	3004.9	16701
11320	入間郡	87447	89.79	973.9	34421
11324	三芳町	38456	15.33	2508.5	14328
11326	毛呂山町	37275	34.07	1094.1	15566
11327	越生町	11716	40.39	290.1	4527
11340	比企郡	133980	281.86	475.3	49340
11341	滑川町	18212	29.68	613.6	6785
11342	嵐山町	18341	29.92	613	6968
11343	小川町	31178	60.36	516.5	12007
11346	川島町	20788	41.63	499.4	7238
11347	吉見町	19631	38.64	508	6834
11348	鳩山町	14338	25.73	557.2	5309
11349	ときがわ町	11492	55.9	205.6	4199
11360	秩父郡	41008	351.84	116.6	14775
11361	横瀬町	8519	49.36	172.6	3074
11362	皆野町	10133	63.74	159	3662
11363	長瀞町	7324	30.43	240.7	2648
11365	小鹿野町	12117	171.26	70.8	4363
11369	東秩父村	2915	37.06	78.7	1028
11380	児玉郡	55502	109.99	504.6	19870
11381	美里町	11207	33.41	335.4	3612
11383	神川町	13730	47.4	289.7	5033
11385	上里町	30565	29.18	1047.5	11225
11400	大里郡	34081	64.25	530.4	12934
11408	寄居町	34081	64.25	530.4	12934
11440	南埼玉郡	33705	15.95	2113.2	13728
11442	宮代町	33705	15.95	2113.2	13728
11460	北葛飾郡	75556	46.23	1634.3	28050
11464	杉戸町	45495	30.03	1515	17348
11465	松伏町	30061	16.2	1855.6	10702
12000	千葉県	6222666	5157.65	1206.5	2609132
12001	市部	6012551	4405.58	1364.8	2531389
12002	郡部	210115	752.07	279.4	77743
12100	千葉市	971882	271.76	3576.3	417857
12101	千葉市 中央区	205070	44.69	4588.7	95227
12102	千葉市 花見川区	179200	34.19	5241.3	77732
12103	千葉市 稲毛区	160968	21.22	7585.7	71334
12104	千葉市 若葉区	151078	84.21	1794.1	62773
12105	千葉市 緑区	126848	66.25	1914.7	46792
12106	千葉市 美浜区	148718	21.2	7015	63999
12202	銚子市	64415	84.19	765.1	26234
12203	市川市	481732	57.45	8385.2	228845
12204	船橋市	622890	85.62	7275.1	272432
12205	館山市	47464	110.15	430.9	20146
12206	木更津市	134141	138.95	965.4	54920
12207	松戸市	483480	61.38	7876.8	215627
12208	野田市	153583	103.55	1483.2	59712
12210	茂原市	89688	99.92	897.6	36026
12211	成田市	131190	213.84	613.5	55462
12212	佐倉市	172739	103.69	1665.9	68696
12213	東金市	60652	89.12	680.6	25114
12215	旭市	66586	130.45	510.4	23350
12216	習志野市	167909	20.97	8007.1	72350
12217	柏市	413954	114.74	3607.8	175691
12218	勝浦市	19248	93.96	204.9	8965
12219	市原市	274656	368.17	746	113518
12220	流山市	174373	35.32	4936.9	70802
12221	八千代市	193152	51.39	3758.6	78358
12222	我孫子市	131606	43.15	3050	54089
12223	鴨川市	33932	191.14	177.5	14453
12224	鎌ケ谷市	108917	21.08	5166.8	44101
12225	君津市	86033	318.81	269.9	34447
12226	富津市	45601	205.53	221.9	17634
12227	浦安市	164024	17.3	9481.2	74229
12228	四街道市	89245	34.52	2585.3	35014
12229	袖ケ浦市	60952	94.93	642.1	22652
12230	八街市	70734	74.94	943.9	27074
12231	印西市	92670	123.79	748.6	32590
12232	白井市	61674	35.48	1738.3	22725
12233	富里市	49636	53.88	921.2	20057
12234	南房総市	39033	230.14	169.6	15061
12235	匝瑳市	37261	101.52	367	12712
12236	香取市	77499	262.35	295.4	27294
12237	山武市	52222	146.77	355.8	19454
12238	いすみ市	38594	157.44	245.1	14849
12239	大網白里市	49184	58.08	846.8	18849
12320	印旛郡	42183	51.52	818.8	17155
12322	酒々井町	20955	19.01	1102.3	8970
12329	栄町	21228	32.51	653	8185
12340	香取郡	35009	138.95	252	11822
12342	神崎町	6133	19.9	308.2	2207
12347	多古町	14724	72.8	202.3	5053
12349	東庄町	14152	46.25	306	4562
12400	山武郡	47703	134.7	354.1	17297
12403	九十九里町	16510	24.45	675.3	6411
12409	芝山町	7431	43.24	171.9	2453
12410	横芝光町	23762	67.01	354.6	8433
12420	長生郡	60040	226.97	264.5	21641
12421	一宮町	11767	22.97	512.3	4485
12422	睦沢町	7222	35.59	202.9	2434
12423	長生村	14359	28.29	507.6	5178
12424	白子町	11149	27.5	405.4	4164
12426	長柄町	7337	47.11	155.7	2591
12427	長南町	8206	65.51	125.3	2789
12440	夷隅郡	17158	154.73	110.9	6501
12441	大多喜町	9843	129.87	75.8	3447
12443	御宿町	7315	24.86	294.2	3054
12460	安房郡	8022	45.19	177.5	3327
12463	鋸南町	8022	45.19	177.5	3327
13000	東京都	13515271	2190.93	6168.7	6701122
13001	市部	13430446	1410.9	9519.1	6665821
13002	郡部	84825	780.03	108.7	35301
13100	特別区部	9272740	626.7	14796.1	4801194
13101	千代田区	58406	11.66	5009.1	33262
13102	中央区	141183	10.21	13827.9	79272
13103	港区	243283	20.37	11943.2	130562
13104	新宿区	333560	18.22	18307.4	204989
13105	文京区	219724	11.29	19461.8	120858
13106	台東区	198073	10.11	19591.8	112117
13107	墨田区	256274	13.77	18611	130862
13108	江東区	498109	40.16	12403.1	243708
13109	品川区	386855	22.84	16937.6	212374
13110	目黒区	277622	14.67	18924.5	146162
13111	大田区	717082	60.66	11821.3	371149
13112	世田谷区	903346	58.05	15561.5	463632
13113	渋谷区	224533	15.11	14859.9	135749
13114	中野区	328215	15.59	21052.9	196132
13115	杉並区	563997	34.06	16558.9	312001
13116	豊島区	291167	13.01	22380.2	176376
13117	北区	341076	20.61	16549.1	178379
13118	荒川区	212264	10.16	20892.1	103101
13119	板橋区	561916	32.22	17440	291408
13120	練馬区	721722	48.08	15010.9	337987
13121	足立区	670122	53.25	12584.5	310662
13122	葛飾区	442913	34.8	12727.4	201380
13123	江戸川区	681298	49.9	13653.3	309072
13201	八王子市	577513	186.38	3098.6	253356
13202	立川市	176295	24.36	7237.1	83285
13203	武蔵野市	144730	10.98	13181.2	74022
13204	三鷹市	186936	16.42	11384.7	90226
13205	青梅市	137381	103.31	1329.8	54371
13206	府中市	260274	29.43	8843.8	119569
13207	昭島市	111539	17.34	6432.5	48258
13208	調布市	229061	21.58	10614.5	110581
13209	町田市	432348	71.8	6021.6	186711
13210	小金井市	121396	11.3	10743	59796
13211	小平市	190005	20.51	9264	82888
13212	日野市	186283	27.55	6761.6	84928
13213	東村山市	149956	17.14	8748.9	64604
13214	国分寺市	122742	11.46	10710.5	59130
13215	国立市	73655	8.15	9037.4	34062
13218	福生市	58395	10.16	5747.5	27260
13219	狛江市	80249	6.39	12558.5	39458
13220	東大和市	85157	13.42	6345.5	35555
13221	清瀬市	74864	10.23	7318.1	32369
13222	東久留米市	116632	12.88	9055.3	49902
13223	武蔵村山市	71229	15.32	4649.4	28300
13224	多摩市	146631	21.01	6979.1	65461
13225	稲城市	87636	17.97	4876.8	36533
13227	羽村市	55833	9.9	5639.7	23451
13228	あきる野市	80954	73.47	1101.9	30817
13229	西東京市	200012	15.75	12699.2	89734
13300	西多摩郡	58334	375.86	155.2	21876
13303	瑞穂町	33445	16.85	1984.9	13192
13305	日の出町	17446	28.07	621.5	5800
13307	檜原村	2209	105.41	21	839
13308	奥多摩町	5234	225.53	23.2	2045
13360	大島支庁	12861	140.99	91.2	6193
13361	大島町	7884	90.76	86.9	3947
13362	利島村	337	4.12	81.8	194
13363	新島村	2749	27.54	99.8	1261
13364	神津島村	1891	18.58	101.8	791
13380	三宅支庁	2817	75.81	37.2	1677
13381	三宅村	2482	55.27	44.9	1483
13382	御蔵島村	335	20.54	16.3	194
13400	八丈支庁	7791	83.01	93.9	4038
13401	八丈町	7613	72.23	105.4	3913
13402	青ヶ島村	178	5.96	29.9	125
13420	小笠原支庁	3022	104.35	29	1517
13421	小笠原村	3022	104.35	29	1517
14000	神奈川県	9126214	2415.83	3777.7	3979278
14001	市部	8832932	1809.53	4881.3	3863369
14002	郡部	293282	606.3	483.7	115909
14100	横浜市	3724844	437.49	8514.1	1645618
14101	横浜市 鶴見区	285356	33.23	8587.3	132814
14102	横浜市 神奈川区	238966	23.73	10070.2	119397
14103	横浜市 西区	98532	7.03	14015.9	51878
14104	横浜市 中区	148312	21.2	6995.8	78869
14105	横浜市 南区	194827	12.65	15401.3	95528
14106	横浜市 保土ケ谷区	205493	21.93	9370.4	92775
14107	横浜市 磯子区	166229	19.05	8725.9	74552
14108	横浜市 金沢区	202229	30.96	6531.9	86891
14109	横浜市 港北区	344172	31.4	10960.9	163519
14110	横浜市 戸塚区	275283	35.79	7691.6	113421
14111	横浜市 港南区	215736	19.9	10841	91007
14112	横浜市 旭区	247144	32.73	7551	102728
14113	横浜市 緑区	180366	25.51	7070.4	74498
14114	横浜市 瀬谷区	124560	17.17	7254.5	50435
14115	横浜市 栄区	122171	18.52	6596.7	50853
14116	横浜市 泉区	154025	23.58	6532	60707
14117	横浜市 青葉区	309692	35.22	8793.1	125344
14118	横浜市 都筑区	211751	27.87	7597.8	80402
14130	川崎市	1475213	143	10316.2	691837
14131	川崎市 川崎区	223378	39.53	5650.8	109768
14132	川崎市 幸区	160890	10.01	16072.9	75160
14133	川崎市 中原区	247529	14.74	16793	123547
14134	川崎市 高津区	228141	16.36	13945	107931
14135	川崎市 多摩区	214158	20.5	10446.7	106472
14136	川崎市 宮前区	225594	18.61	12122.2	94808
14137	川崎市 麻生区	175523	23.25	7549.4	74151
14150	相模原市	720780	328.66	2193.1	311188
14151	相模原市 緑区	173612	253.68	684.4	71182
14152	相模原市 中央区	269888	36.87	7320	116240
14153	相模原市 南区	277280	38.11	7275.8	123766
14201	横須賀市	406586	100.83	4032.4	165746
14203	平塚市	258227	67.82	3807.5	107397
14204	鎌倉市	173019	39.67	4361.5	73035
14205	藤沢市	423894	69.57	6093.1	180170
14206	小田原市	194086	113.81	1705.4	79120
14207	茅ヶ崎市	239348	35.7	6704.4	97951
14208	逗子市	57425	17.28	3323.2	24103
14210	三浦市	45289	32.05	1413.1	17567
14211	秦野市	167378	103.76	1613.1	69778
14212	厚木市	225714	93.84	2405.3	95824
14213	大和市	232922	27.09	8598.1	102020
14214	伊勢原市	101514	55.56	1827.1	43088
14215	海老名市	130190	26.59	4896.2	53416
14216	座間市	128737	17.57	7327.1	55910
14217	南足柄市	43306	77.12	561.5	16245
14218	綾瀬市	84460	22.14	3814.8	33356
14300	三浦郡	32096	17.04	1883.6	12580
14301	葉山町	32096	17.04	1883.6	12580
14320	高座郡	47936	13.34	3593.4	18744
14321	寒川町	47936	13.34	3593.4	18744
14340	中郡	59928	26.25	2283	23462
14341	大磯町	31550	17.18	1836.4	12279
14342	二宮町	28378	9.08	3125.3	11183
14360	足柄上郡	65620	303.28	216.4	24015
14361	中井町	9679	19.99	484.2	3359
14362	大井町	17033	14.38	1184.5	6178
14363	松田町	11171	37.75	295.9	4406
14364	山北町	10724	224.61	47.7	3903
14366	開成町	17013	6.55	2597.4	6169
14380	足柄下郡	44145	140.87	313.4	19919
14382	箱根町	11786	92.86	126.9	6088
14383	真鶴町	7333	7.04	1041.6	3068
14384	湯河原町	25026	40.97	610.8	10763
14400	愛甲郡	43557	105.52	412.8	17189
14401	愛川町	40343	34.28	1176.9	16067
14402	清川村	3214	71.24	45.1	1122
15000	新潟県	2304264	12584.1	183.1	848150
15001	市部	2224567	10629.2	209.3	820702
15002	郡部	79697	1954.91	40.8	27448
15100	新潟市	810157	726.45	1115.2	321511
15101	新潟市 北区	76328	107.72	708.6	27070
15102	新潟市 東区	137577	38.62	3562.3	55550
15103	新潟市 中央区	183767	37.75	4868	88506
15104	新潟市 江南区	68906	75.42	913.6	23677
15105	新潟市 秋葉区	76843	95.38	805.7	26898
15106	新潟市 南区	45685	100.91	452.7	14583
15107	新潟市 西区	162833	94.09	1730.6	66860
15108	新潟市 西蒲区	58218	176.55	329.8	18367
15202	長岡市	275133	891.06	308.8	100143
15204	三条市	99192	431.97	229.6	33201
15205	柏崎市	86833	442.03	196.4	33560
15206	新発田市	98611	533.1	185	34186
15208	小千谷市	36498	155.19	235.2	12165
15209	加茂市	27852	133.72	208.3	9634
15210	十日町市	54917	590.39	93	18598
15211	見附市	40608	77.91	521.2	13702
15212	村上市	62442	1174.26	53.2	22138
15213	燕市	79784	110.96	719	27537
15216	糸魚川市	44162	746.24	59.2	16699
15217	妙高市	33199	445.63	74.5	11562
15218	五泉市	51404	351.91	146.1	16945
15222	上越市	196987	973.81	202.3	71015
15223	阿賀野市	43415	192.74	225.3	13390
15224	佐渡市	57255	855.61	66.9	22401
15225	魚沼市	37352	946.76	39.5	12833
15226	南魚沼市	58568	584.55	100.2	19426
15227	胎内市	30198	264.89	114	10056
15300	北蒲原郡	14040	37.58	373.6	4262
15307	聖籠町	14040	37.58	373.6	4262
15340	西蒲原郡	8209	25.17	326.1	2584
15342	弥彦村	8209	25.17	326.1	2584
15360	南蒲原郡	12188	31.71	384.4	4028
15361	田上町	12188	31.71	384.4	4028
15380	東蒲原郡	11680	952.89	12.3	4482
15385	阿賀町	11680	952.89	12.3	4482
15400	三島郡	4528	44.38	102	1608
15405	出雲崎町	4528	44.38	102	1608
15460	南魚沼郡	8046	357.29	22.5	3455
15461	湯沢町	8046	357.29	22.5	3455
15480	中魚沼郡	10029	170.21	58.9	3328
15482	津南町	10029	170.21	58.9	3328
15500	刈羽郡	4775	26.27	181.8	1682
15504	刈羽村	4775	26.27	181.8	1682
15580	岩船郡	6202	309.4	20	2019
15581	関川村	5832	299.61	19.5	1846
15586	粟島浦村	370	9.78	37.8	173
16000	富山県	1066328	4247.61	251	391171
16001	市部	978518	3402.6	287.6	360565
16002	郡部	87810	845.01	103.9	30606
16201	富山市	418686	1241.77	337.2	163862
16202	高岡市	172125	209.57	821.3	63814
16204	魚津市	42935	200.61	214	15855
16205	氷見市	47992	230.56	208.2	16096
16206	滑川市	32755	54.63	599.6	11699
16207	黒部市	40991	426.31	96.2	14793
16208	砺波市	49000	127.03	385.7	16220
16209	小矢部市	30399	134.07	226.7	9517
16210	南砺市	51327	668.64	76.8	16594
16211	射水市	92308	109.43	843.5	32115
16320	中新川郡	50229	547.46	91.7	17464
16321	舟橋村	2982	3.47	859.4	910
16322	上市町	20930	236.71	88.4	7395
16323	立山町	26317	307.29	85.6	9159
16340	下新川郡	37581	297.55	126.3	13142
16342	入善町	25335	71.25	355.6	8628
16343	朝日町	12246	226.3	54.1	4514
17000	石川県	1154008	4186.09	275.7	453368
17001	市部	1006185	3136.32	320.8	400164
17002	郡部	147823	1049.77	140.8	53204
17201	金沢市	465699	468.64	993.7	199572
17202	七尾市	55325	318.32	173.8	20855
17203	小松市	106919	371.05	288.2	38166
17204	輪島市	27216	426.32	63.8	10649
17205	珠洲市	14625	247.2	59.2	5861
17206	加賀市	67186	305.87	219.7	24841
17207	羽咋市	21729	81.85	265.5	8066
17209	かほく市	34219	64.44	531	11604
17210	白山市	109287	754.93	144.8	38439
17211	能美市	48881	84.14	580.9	17352
17212	野々市市	55099	13.56	4063.3	24759
17320	能美郡	6347	14.64	433.5	1853
17324	川北町	6347	14.64	433.5	1853
17360	河北郡	63955	130.92	488.5	22991
17361	津幡町	36968	110.59	334.3	12545
17365	内灘町	26987	20.33	1327.4	10446
17380	羽咋郡	33596	358.28	93.8	11940
17384	志賀町	20422	246.76	82.8	7493
17386	宝達志水町	13174	111.52	118.1	4447
17400	鹿島郡	17571	89.45	196.4	6055
17407	中能登町	17571	89.45	196.4	6055
17460	鳳珠郡	26354	456.47	57.7	10365
17461	穴水町	8786	183.21	48	3461
17463	能登町	17568	273.27	64.3	6904
18000	福井県	786740	4190.49	187.7	279687
18001	市部	687790	2789.14	246.6	245413
18002	郡部	98950	1401.35	70.6	34274
18201	福井市	265904	536.41	495.7	99872
18202	敦賀市	66165	251.39	263.2	26545
18204	小浜市	29670	233.09	127.3	11220
18205	大野市	33109	872.43	38	10698
18206	勝山市	24125	253.88	95	7703
18207	鯖江市	68284	84.59	807.2	22335
18208	あわら市	28729	116.98	245.6	9697
18209	越前市	81524	230.7	353.4	27889
18210	坂井市	90280	209.67	430.6	29454
18320	吉田郡	19883	94.43	210.6	7276
18322	永平寺町	19883	94.43	210.6	7276
18380	今立郡	2638	194.65	13.6	902
18382	池田町	2638	194.65	13.6	902
18400	南条郡	10799	343.69	31.4	3353
18404	南越前町	10799	343.69	31.4	3353
18420	丹生郡	21538	153.15	140.6	6560
18423	越前町	21538	153.15	140.6	6560
18440	三方郡	9914	152.35	65.1	3899
18442	美浜町	9914	152.35	65.1	3899
18480	大飯郡	18921	284.59	66.5	7413
18481	高浜町	10596	72.4	146.4	4191
18483	おおい町	8325	212.19	39.2	3222
18500	三方上中郡	15257	178.49	85.5	4871
18501	若狭町	15257	178.49	85.5	4871
19000	山梨県	834930	4465.27	187	330976
19001	市部	712854	2816.42	253.1	284164
19002	郡部	122076	1648.85	74	46812
19201	甲府市	193125	212.47	909	85057
19202	富士吉田市	49003	121.74	402.5	18091
19204	都留市	32002	161.63	198	13465
19205	山梨市	35141	289.8	121.3	12961
19206	大月市	25419	280.25	90.7	9804
19207	韮崎市	30680	143.69	213.5	11673
19208	南アルプス市	70828	264.14	268.1	25135
19209	北杜市	45111	602.48	74.9	18408
19210	甲斐市	74386	71.95	1033.9	29463
19211	笛吹市	69559	201.92	344.5	26268
19212	上野原市	24805	170.57	145.4	9661
19213	甲州市	31671	264.11	119.9	11389
19214	中央市	31124	31.69	982.1	12789
19340	西八代郡	15673	75.18	208.5	5885
19346	市川三郷町	15673	75.18	208.5	5885
19360	南巨摩郡	37098	984.82	37.7	14463
19364	早川町	1068	369.96	2.9	573
19365	身延町	12669	301.98	42	5211
19366	南部町	8067	200.87	40.2	3006
19368	富士川町	15294	112	136.6	5673
19380	中巨摩郡	19505	9.08	2148.1	8223
19384	昭和町	19505	9.08	2148.1	8223
19420	南都留郡	48511	420.99	115.2	17610
19422	道志村	1743	79.68	21.9	591
19423	西桂町	4342	15.22	285.3	1478
19424	忍野村	8968	25.05	358	3034
19425	山中湖村	5208	53.05	98.2	1855
19429	鳴沢村	2921	89.58	32.6	1036
19430	富士河口湖町	25329	158.4	159.9	9616
19440	北都留郡	1289	154.08	8.4	631
19442	小菅村	726	52.78	13.8	337
19443	丹波山村	563	101.3	5.6	294
20000	長野県	2098804	13561.56	154.8	807108
20001	市部	1675324	6724.04	249.2	652247
20002	郡部	423480	6837.52	61.9	154861
20201	長野市	377598	834.81	452.3	150414
20202	松本市	243293	978.47	248.6	100173
20203	上田市	156827	552.04	284.1	62696
20204	岡谷市	50128	85.1	589	19100
20205	飯田市	101581	658.66	154.2	37694
20206	諏訪市	50140	109.17	459.3	20401
20207	須坂市	50725	149.67	338.9	18447
20208	小諸市	42512	98.55	431.4	16662
20209	伊那市	68271	667.93	102.2	26231
20210	駒ヶ根市	32759	165.86	197.5	12437
20211	中野市	43909	112.18	391.4	15296
20212	大町市	28041	565.15	49.6	10826
20213	飯山市	21438	202.43	105.9	7423
20214	茅野市	55912	266.59	209.7	22301
20215	塩尻市	67135	289.98	231.5	26350
20217	佐久市	99368	423.51	234.6	38487
20218	千曲市	60298	119.79	503.4	21573
20219	東御市	30107	112.37	267.9	11004
20220	安曇野市	95282	331.78	287.2	34732
20300	南佐久郡	25693	767.43	33.5	8889
20303	小海町	4713	114.2	41.3	1873
20304	川上村	4607	209.61	22	1205
20305	南牧村	3408	133.09	25.6	1036
20306	南相木村	1005	66.05	15.2	428
20307	北相木村	774	56.32	13.7	333
20309	佐久穂町	11186	188.15	59.5	4014
20320	北佐久郡	41443	281.69	147.1	17047
20321	軽井沢町	18994	156.03	121.7	8247
20323	御代田町	15184	58.79	258.3	6118
20324	立科町	7265	66.87	108.6	2682
20340	小県郡	10509	240.96	43.6	3972
20349	青木村	4343	57.1	76.1	1556
20350	長和町	6166	183.86	33.5	2416
20360	諏訪郡	42295	254.89	165.9	16015
20361	下諏訪町	20236	66.87	302.6	7946
20362	富士見町	14493	144.76	100.1	5396
20363	原村	7566	43.26	174.9	2673
20380	上伊那郡	83275	514.61	161.8	30453
20382	辰野町	19770	169.2	116.8	7343
20383	箕輪町	25241	85.91	293.8	9240
20384	飯島町	9530	86.96	109.6	3325
20385	南箕輪村	15063	40.99	367.5	5839
20386	中川村	4850	77.05	62.9	1584
20388	宮田村	8821	54.5	161.9	3122
20400	下伊那郡	60619	1270.23	47.7	20431
20402	松川町	13167	72.79	180.9	4355
20403	高森町	13080	45.36	288.4	4247
20404	阿南町	4962	123.07	40.3	1737
20407	阿智村	6538	214.43	30.5	2188
20409	平谷村	484	77.37	6.3	211
20410	根羽村	970	89.97	10.8	416
20411	下條村	3851	38.12	101	1159
20412	売木村	575	43.43	13.2	270
20413	天龍村	1365	109.44	12.5	651
20414	泰阜村	1702	64.59	26.4	639
20415	喬木村	6310	66.61	94.7	2029
20416	豊丘村	6592	76.79	85.8	2054
20417	大鹿村	1023	248.28	4.1	475
20420	木曽郡	28399	1546.15	18.4	11484
20422	上松町	4670	168.42	27.7	1864
20423	南木曽町	4313	215.93	20	1713
20425	木祖村	2926	140.5	20.8	1045
20429	王滝村	839	310.82	2.7	398
20430	大桑村	3825	234.47	16.3	1522
20432	木曽町	11826	476.03	24.8	4942
20440	東筑摩郡	22218	268.51	82.7	7616
20446	麻績村	2788	34.38	81.1	1001
20448	生坂村	1843	39.05	47.2	698
20450	山形村	8395	24.98	336.1	2725
20451	朝日村	4462	70.62	63.2	1412
20452	筑北村	4730	99.47	47.6	1780
20480	北安曇郡	31707	544.5	58.2	11687
20481	池田町	9926	40.16	247.2	3518
20482	松川村	9948	47.07	211.3	3497
20485	白馬村	8929	189.36	47.2	3477
20486	小谷村	2904	267.91	10.8	1195
20520	埴科郡	14871	53.64	277.2	5473
20521	坂城町	14871	53.64	277.2	5473
20540	上高井郡	17735	117.68	150.7	5819
20541	小布施町	10702	19.12	559.7	3528
20543	高山村	7033	98.56	71.4	2291
20560	下高井郡	20566	423.18	48.6	7188
20561	山ノ内町	12429	265.9	46.7	4465
20562	木島平村	4658	99.32	46.9	1564
20563	野沢温泉村	3479	57.96	60	1159
20580	上水内郡	22197	282.41	78.6	8012
20583	信濃町	8469	149.3	56.7	3157
20588	小川村	2665	58.11	45.9	1086
20590	飯綱町	11063	75	147.5	3769
20600	下水内郡	1953	271.66	7.2	775
20602	栄村	1953	271.66	7.2	775
21000	岐阜県	2031903	10621.29	191.3	753212
21001	市部	1719809	8455.13	203.4	645325
21002	郡部	312094	2166.16	144.1	107887
21201	岐阜市	406735	203.6	1997.7	165443
21202	大垣市	159879	206.57	774	60085
21203	高山市	89182	2177.61	41	32670
21204	多治見市	110441	91.25	1210.3	41446
21205	関市	89153	472.33	188.8	32827
21206	中津川市	78883	676.45	116.6	28438
21207	美濃市	20760	117.01	177.4	7508
21208	瑞浪市	38730	174.86	221.5	13904
21209	羽島市	67337	53.66	1254.9	23948
21210	恵那市	51073	504.24	101.3	18106
21211	美濃加茂市	55384	74.81	740.3	20501
21212	土岐市	57827	116.02	498.4	21039
21213	各務原市	144690	87.81	1647.8	53470
21214	可児市	98695	87.57	1127	37171
21215	山県市	27114	221.98	122.1	9640
21216	瑞穂市	54354	28.19	1928.1	21011
21217	飛騨市	24696	792.53	31.2	8509
21218	本巣市	33995	374.65	90.7	11346
21219	郡上市	42090	1030.75	40.8	14610
21220	下呂市	33585	851.21	39.5	12140
21221	海津市	35206	112.03	314.3	11513
21300	羽島郡	47372	18.21	2601.4	17751
21302	岐南町	24622	7.91	3112.8	9560
21303	笠松町	22750	10.3	2208.7	8191
21340	養老郡	29029	72.29	401.6	9378
21341	養老町	29029	72.29	401.6	9378
21360	不破郡	34975	106.36	328.8	11999
21361	垂井町	27556	57.09	482.7	9374
21362	関ケ原町	7419	49.28	150.5	2625
21380	安八郡	44007	59.26	742.6	14423
21381	神戸町	19282	18.78	1026.7	6572
21382	輪之内町	9973	22.33	446.6	3138
21383	安八町	14752	18.16	812.3	4713
21400	揖斐郡	69303	876.43	79.1	22532
21401	揖斐川町	21503	803.44	26.8	7269
21403	大野町	23453	34.2	685.8	7366
21404	池田町	24347	38.8	627.5	7897
21420	本巣郡	18169	5.18	3507.5	7139
21421	北方町	18169	5.18	3507.5	7139
21500	加茂郡	49519	615.1	80.5	17598
21501	坂祝町	8202	12.87	637.3	3111
21502	富加町	5564	16.82	330.8	1834
21503	川辺町	10197	41.16	247.7	3561
21504	七宗町	3876	90.47	42.8	1381
21505	八百津町	11027	128.79	85.6	3892
21506	白川町	8392	237.9	35.3	3002
21507	東白川村	2261	87.09	26	817
21520	可児郡	18111	56.69	319.5	6514
21521	御嵩町	18111	56.69	319.5	6514
21600	大野郡	1609	356.64	4.5	553
21604	白川村	1609	356.64	4.5	553
22000	静岡県	3700305	7777.42	475.8	1429600
22001	市部	3470363	6410.38	541.4	1342323
22002	郡部	229942	1367.04	168.2	87277
22100	静岡市	704989	1411.9	499.3	286013
22101	静岡市 葵区	253593	1073.76	236.2	101673
22102	静岡市 駿河区	212419	73.05	2907.9	90631
22103	静岡市 清水区	238977	265.09	901.5	93709
22130	浜松市	797980	1558.06	512.2	309227
22131	浜松市 中区	237443	44.34	5355.1	106191
22132	浜松市 東区	128555	46.29	2777.2	50106
22133	浜松市 西区	111353	114.71	970.7	38730
22134	浜松市 南区	100870	46.84	2153.5	38259
22135	浜松市 北区	93567	295.54	316.6	32017
22136	浜松市 浜北区	95900	66.5	1442.1	32493
22137	浜松市 天竜区	30292	943.84	32.1	11431
22203	沼津市	195633	186.96	1046.4	80798
22205	熱海市	37544	61.78	607.7	18846
22206	三島市	110046	62.02	1774.4	45218
22207	富士宮市	130770	389.08	336.1	49004
22208	伊東市	68345	124.1	550.7	30478
22209	島田市	98112	315.7	310.8	34310
22210	富士市	248399	244.95	1014.1	92581
22211	磐田市	167210	163.45	1023	61346
22212	焼津市	139462	70.31	1983.5	50648
22213	掛川市	114602	265.69	431.3	41050
22214	藤枝市	143605	194.06	740	52315
22215	御殿場市	88078	194.9	451.9	31610
22216	袋井市	85789	108.33	791.9	31453
22219	下田市	22916	104.38	219.5	10397
22220	裾野市	52737	138.12	381.8	20792
22221	湖西市	59789	86.56	690.7	22546
22222	伊豆市	31317	363.97	86	12158
22223	御前崎市	32578	65.56	496.9	11345
22224	菊川市	46763	94.19	496.5	16095
22225	伊豆の国市	48152	94.62	508.9	18677
22226	牧之原市	45547	111.69	407.8	15416
22300	賀茂郡	43522	479.18	90.8	18479
22301	東伊豆町	12624	77.81	162.2	5620
22302	河津町	7303	100.69	72.5	2919
22304	南伊豆町	8524	109.94	77.5	3435
22305	松崎町	6837	85.19	80.3	2832
22306	西伊豆町	8234	105.54	78	3673
22320	田方郡	37661	65.16	578	14317
22325	函南町	37661	65.16	578	14317
22340	駿東郡	93946	171.18	548.8	35221
22341	清水町	32118	8.81	3645.6	12363
22342	長泉町	42331	26.63	1589.6	16427
22344	小山町	19497	135.74	143.6	6431
22420	榛原郡	36285	517.61	70.1	13127
22424	吉田町	29093	20.73	1403.4	10244
22429	川根本町	7192	496.88	14.5	2883
22460	周智郡	18528	133.91	138.4	6133
22461	森町	18528	133.91	138.4	6133
23000	愛知県	7483128	5172.48	1446.7	3063833
23001	市部	7084605	4304.97	1645.7	2913752
23002	郡部	398523	864.45	461	150081
23100	名古屋市	2295638	326.45	7032.1	1058497
23101	名古屋市 千種区	164696	18.18	9059.2	85028
23102	名古屋市 東区	78043	7.71	10122.3	41311
23103	名古屋市 北区	163579	17.53	9331.4	75428
23104	名古屋市 西区	149098	17.93	8315.6	70078
23105	名古屋市 中村区	133206	16.3	8172.1	66039
23106	名古屋市 中区	83203	9.38	8870.3	53533
23107	名古屋市 昭和区	107170	10.94	9796.2	55108
23108	名古屋市 瑞穂区	105357	11.22	9390.1	48629
23109	名古屋市 熱田区	65895	8.2	8036	31884
23110	名古屋市 中川区	220281	32.02	6879.5	95495
23111	名古屋市 港区	146745	45.64	3215.3	61713
23112	名古屋市 南区	136935	18.46	7417.9	61064
23113	名古屋市 守山区	172845	34.01	5082.2	69687
23114	名古屋市 緑区	241822	37.91	6378.8	95210
23115	名古屋市 名東区	164080	19.45	8436	73922
23116	名古屋市 天白区	162683	21.58	7538.6	74368
23201	豊橋市	374765	261.86	1431.2	144222
23202	岡崎市	381051	387.2	984.1	147418
23203	一宮市	380868	113.82	3346.2	142480
23204	瀬戸市	129046	111.4	1158.4	50327
23205	半田市	116908	47.42	2465.4	46281
23206	春日井市	306508	92.78	3303.6	124291
23207	豊川市	182436	161.14	1132.2	67976
23208	津島市	63431	25.09	2528.1	23833
23209	碧南市	71346	36.68	1945.1	26477
23210	刈谷市	149765	50.39	2972.1	62476
23211	豊田市	422542	918.32	460.1	169598
23212	安城市	184140	86.05	2139.9	70862
23213	西尾市	167990	161.22	1042	58951
23214	蒲郡市	81100	56.95	1424.1	29950
23215	犬山市	74308	74.9	992.1	28269
23216	常滑市	56547	55.89	1011.8	22506
23217	江南市	98359	30.2	3256.9	37130
23219	小牧市	149462	62.81	2379.6	59383
23220	稲沢市	136867	79.35	1724.9	49986
23221	新城市	47133	499.23	94.4	16454
23222	東海市	111944	43.43	2577.6	46371
23223	大府市	89157	33.66	2648.8	35669
23224	知多市	84617	45.9	1843.5	33009
23225	知立市	70501	16.31	4322.6	29312
23226	尾張旭市	80787	21.03	3841.5	31806
23227	高浜市	46236	13.11	3526.8	17684
23228	岩倉市	47562	10.47	4542.7	20390
23229	豊明市	69127	23.22	2977	27504
23230	日進市	87977	34.91	2520.1	34210
23231	田原市	62364	191.12	326.3	21640
23232	愛西市	63088	66.7	945.8	21131
23233	清須市	67327	17.35	3880.5	27056
23234	北名古屋市	84133	18.37	4579.9	33742
23235	弥富市	43269	49	883	16050
23236	みよし市	61810	32.19	1920.2	22552
23237	あま市	86898	27.49	3161.1	33190
23238	長久手市	57598	21.55	2672.8	25069
23300	愛知郡	42858	18.03	2377	15766
23302	東郷町	42858	18.03	2377	15766
23340	西春日井郡	15177	6.18	2455.8	6181
23342	豊山町	15177	6.18	2455.8	6181
23360	丹羽郡	57080	24.8	2301.6	20995
23361	大口町	23274	13.61	1710.1	8316
23362	扶桑町	33806	11.19	3021.1	12679
23420	海部郡	72472	40.1	1807.3	28335
23424	大治町	30990	6.59	4702.6	12105
23425	蟹江町	37085	11.09	3344	14971
23427	飛島村	4397	22.42	196.1	1259
23440	知多郡	161732	165.43	977.6	61170
23441	阿久比町	27747	23.8	1165.8	9627
23442	東浦町	49230	31.14	1580.9	18524
23445	南知多町	18707	38.37	487.5	6981
23446	美浜町	23575	46.2	510.3	9314
23447	武豊町	42473	25.92	1638.6	16724
23500	額田郡	39549	56.72	697.3	13693
23501	幸田町	39549	56.72	697.3	13693
23560	北設楽郡	9655	553.2	17.5	3941
23561	設楽町	5074	273.94	18.5	2015
23562	東栄町	3446	123.38	27.9	1436
23563	豊根村	1135	155.88	7.3	490
24000	三重県	1815865	5774.4	314.5	720292
24001	市部	1589868	4031.9	394.3	635235
24002	郡部	225997	1742.5	129.7	85057
24201	津市	279886	711.11	393.6	114679
24202	四日市市	311031	206.44	1506.6	128309
24203	伊勢市	127817	208.35	613.5	50938
24204	松阪市	163863	623.66	262.7	63948
24205	桑名市	140303	136.68	1026.5	53741
24207	鈴鹿市	196403	194.46	1010	77725
24208	名張市	78795	129.77	607.2	30595
24209	尾鷲市	18009	192.71	93.5	8660
24210	亀山市	50254	191.04	263.1	19945
24211	鳥羽市	19448	107.34	181.2	7730
24212	熊野市	17322	373.35	46.4	8151
24214	いなべ市	45815	219.83	208.4	17106
24215	志摩市	50341	178.94	281.3	20057
24216	伊賀市	90581	558.23	162.3	33651
24300	桑名郡	6357	15.74	403.9	2174
24303	木曽岬町	6357	15.74	403.9	2174
24320	員弁郡	25344	22.68	1117.5	8863
24324	東員町	25344	22.68	1117.5	8863
24340	三重郡	65522	121.73	538.3	24298
24341	菰野町	40210	107.01	375.8	14423
24343	朝日町	10560	5.99	1762.9	3852
24344	川越町	14752	8.73	1689.8	6023
24440	多気郡	47021	506.96	92.8	16635
24441	多気町	14878	103.06	144.4	5160
24442	明和町	22586	41.04	550.3	7697
24443	大台町	9557	362.86	26.3	3778
24460	度会郡	45467	651.1	69.8	17009
24461	玉城町	15431	40.91	377.2	5260
24470	度会町	8309	134.98	61.6	2626
24471	大紀町	8939	233.32	38.3	3691
24472	南伊勢町	12788	241.89	52.9	5432
24540	北牟婁郡	16338	256.53	63.7	7269
24543	紀北町	16338	256.53	63.7	7269
24560	南牟婁郡	19948	167.75	118.9	8809
24561	御浜町	8741	88.13	99.2	3862
24562	紀宝町	11207	79.62	140.8	4947
25000	滋賀県	1412916	4017.38	351.7	537550
25001	市部	1336015	3660.07	365	511010
25002	郡部	76901	357.32	215.2	26540
25201	大津市	340973	464.51	734	136153
25202	彦根市	113679	196.87	577.4	45546
25203	長浜市	118193	681.02	173.6	41788
25204	近江八幡市	81312	177.45	458.2	29784
25206	草津市	137247	67.82	2023.7	60224
25207	守山市	79859	55.74	1432.7	29052
25208	栗東市	66749	52.69	1266.8	24592
25209	甲賀市	90901	481.62	188.7	32366
25210	野洲市	49889	80.14	622.5	18143
25211	湖南市	54289	70.4	771.2	21286
25212	高島市	50025	693.05	72.2	18149
25213	東近江市	114180	388.37	294	40691
25214	米原市	38719	250.39	154.6	13236
25380	蒲生郡	34307	162.15	211.6	11994
25383	日野町	21873	117.6	186	7728
25384	竜王町	12434	44.55	279.1	4266
25420	愛知郡	20778	37.97	547.2	7209
25425	愛荘町	20778	37.97	547.2	7209
25440	犬上郡	21816	157.2	138.8	7337
25441	豊郷町	7422	7.8	951.5	2606
25442	甲良町	7039	13.63	516.4	2310
25443	多賀町	7355	135.77	54.2	2421
26000	京都府	2610353	4612.19	566	1152902
26001	市部	2479389	3864.49	641.6	1104080
26002	郡部	130964	747.7	175.2	48822
26100	京都市	1475183	827.83	1782	705874
26101	京都市 北区	119474	94.88	1259.2	56804
26102	京都市 上京区	85113	7.03	12107.1	46849
26103	京都市 左京区	168266	246.77	681.9	83423
26104	京都市 中京区	109341	7.41	14755.9	59085
26105	京都市 東山区	39044	7.48	5219.8	21381
26106	京都市 下京区	82668	6.78	12192.9	47206
26107	京都市 南区	99927	15.81	6320.5	47094
26108	京都市 右京区	204262	292.07	699.4	94525
26109	京都市 伏見区	280655	61.66	4551.7	125947
26110	京都市 山科区	135471	28.7	4720.2	60451
26111	京都市 西京区	150962	59.24	2548.3	63109
26201	福知山市	78935	552.54	142.9	32170
26202	舞鶴市	83990	342.12	245.5	34709
26203	綾部市	33821	347.1	97.4	13766
26204	宇治市	184678	67.54	2734.4	73317
26205	宮津市	18426	172.74	106.7	7738
26206	亀岡市	89479	224.8	398	33915
26207	城陽市	76869	32.71	2350	29884
26208	向日市	53380	7.72	6914.5	21356
26209	長岡京市	80090	19.17	4177.9	32491
26210	八幡市	72664	24.35	2984.1	29259
26211	京田辺市	70835	42.92	1650.4	29693
26212	京丹後市	55054	501.43	109.8	20469
26213	南丹市	33145	616.4	53.8	12783
26214	木津川市	72840	85.13	855.6	26656
26300	乙訓郡	15181	5.97	2542.9	5993
26303	大山崎町	15181	5.97	2542.9	5993
26320	久世郡	15805	13.86	1140.3	6216
26322	久御山町	15805	13.86	1140.3	6216
26340	綴喜郡	17229	76.21	226.1	6291
26343	井手町	7910	18.04	438.5	3059
26344	宇治田原町	9319	58.16	160.2	3232
26360	相楽郡	44352	178.24	248.8	15861
26364	笠置町	1368	23.52	58.2	573
26365	和束町	3956	64.93	60.9	1445
26366	精華町	36376	25.68	1416.5	12775
26367	南山城村	2652	64.11	41.4	1068
26400	船井郡	14453	303.09	47.7	5448
26407	京丹波町	14453	303.09	47.7	5448
26460	与謝郡	23944	170.33	140.6	9013
26463	伊根町	2110	61.95	34.1	873
26465	与謝野町	21834	108.38	201.5	8140
27000	大阪府	8839469	1905.14	4639.8	3923887
27001	市部	8657956	1602.52	5402.7	3853793
27002	郡部	181513	302.62	599.8	70094
27100	大阪市	2691185	225.21	11949.7	1354793
27102	大阪市 都島区	104727	6.08	17224.8	51549
27103	大阪市 福島区	72484	4.67	15521.2	37510
27104	大阪市 此花区	66656	19.25	3462.6	30712
27106	大阪市 西区	92430	5.21	17740.9	52138
27107	大阪市 港区	82035	7.86	10437	40348
27108	大阪市 大正区	65141	9.43	6907.8	29209
27109	大阪市 天王寺区	75729	4.84	15646.5	38058
27111	大阪市 浪速区	69766	4.39	15892	47541
27113	大阪市 西淀川区	95490	14.22	6715.2	42924
27114	大阪市 東淀川区	175530	13.27	13227.6	92536
27115	大阪市 東成区	80563	4.54	17745.2	39683
27116	大阪市 生野区	130167	8.37	15551.6	63622
27117	大阪市 旭区	91608	6.32	14494.9	43700
27118	大阪市 城東区	164697	8.38	19653.6	76455
27119	大阪市 阿倍野区	107626	5.98	17997.7	50104
27120	大阪市 住吉区	154239	9.4	16408.4	71718
27121	大阪市 東住吉区	126299	9.75	12953.7	57797
27122	大阪市 西成区	111883	7.37	15180.9	69225
27123	大阪市 淀川区	176201	12.64	13940	94460
27124	大阪市 鶴見区	111557	8.17	13654.5	46358
27125	大阪市 住之江区	122988	20.61	5967.4	56920
27126	大阪市 平野区	196633	15.28	12868.7	88960
27127	大阪市 北区	123667	10.34	11960.1	74182
27128	大阪市 中央区	93069	8.87	10492.6	59084
27140	堺市	839310	149.82	5602.1	350301
27141	堺市 堺区	148205	23.65	6266.6	69116
27142	堺市 中区	124543	17.88	6965.5	48538
27143	堺市 東区	85189	10.49	8121	34722
27144	堺市 西区	135746	28.62	4743	54614
27145	堺市 南区	147626	40.39	3655	60427
27146	堺市 北区	158845	15.6	10182.4	68538
27147	堺市 美原区	39156	13.2	2966.4	14346
27202	岸和田市	194911	72.68	2681.8	75247
27203	豊中市	395479	36.39	10867.8	170325
27204	池田市	103069	22.14	4655.3	45777
27205	吹田市	374468	36.09	10375.9	168473
27206	泉大津市	75897	14.31	5303.8	31090
27207	高槻市	351829	105.29	3341.5	148048
27208	貝塚市	88694	43.93	2019	33355
27209	守口市	143042	12.71	11254.3	64832
27210	枚方市	404152	65.12	6206.3	167418
27211	茨木市	280033	76.49	3661	116683
27212	八尾市	268800	41.72	6443	110414
27213	泉佐野市	100966	56.51	1786.7	41566
27214	富田林市	113984	39.72	2869.7	45613
27215	寝屋川市	237518	24.7	9616.1	101549
27216	河内長野市	106987	109.63	975.9	42144
27217	松原市	120750	16.66	7247.9	49958
27218	大東市	123217	18.27	6744.2	51949
27219	和泉市	186109	84.98	2190	71013
27220	箕面市	133411	47.9	2785.2	56829
27221	柏原市	71112	25.33	2807.4	29009
27222	羽曳野市	112683	26.45	4260.2	44126
27223	門真市	123576	12.3	10046.8	55825
27224	摂津市	85007	14.87	5716.7	36873
27225	高石市	56529	11.3	5002.6	22461
27226	藤井寺市	65438	8.89	7360.9	27133
27227	東大阪市	502784	61.78	8138.3	223485
27228	泉南市	62438	48.98	1274.8	22800
27229	四條畷市	56075	18.69	3000.3	22089
27230	交野市	76435	25.55	2991.6	28923
27231	大阪狭山市	57792	11.92	4848.3	22982
27232	阪南市	54276	36.17	1500.6	20710
27300	三島郡	29983	16.81	1783.6	12012
27301	島本町	29983	16.81	1783.6	12012
27320	豊能郡	30190	133.09	226.8	11477
27321	豊能町	19934	34.34	580.5	7760
27322	能勢町	10256	98.75	103.9	3717
27340	泉北郡	17298	3.97	4357.2	6726
27341	忠岡町	17298	3.97	4357.2	6726
27360	泉南郡	68790	72.03	955	26662
27361	熊取町	44435	17.24	2577.4	16483
27362	田尻町	8417	5.62	1497.7	3772
27366	岬町	15938	49.18	324.1	6407
27380	南河内郡	35252	76.72	459.5	13217
27381	太子町	13748	14.17	970.2	5066
27382	河南町	16126	25.26	638.4	6115
27383	千早赤阪村	5378	37.3	144.2	2036
28000	兵庫県	5534800	8400.96	658.8	2315200
28001	市部	5275200	6660.59	792	2222999
28002	郡部	259600	1740.38	149.2	92201
28100	神戸市	1537272	557.02	2759.8	705459
28101	神戸市 東灘区	213634	34.02	6279.7	97265
28102	神戸市 灘区	136088	32.66	4166.8	67407
28105	神戸市 兵庫区	106956	14.68	7285.8	57875
28106	神戸市 長田区	97912	11.36	8619	48780
28107	神戸市 須磨区	162468	28.93	5615.9	73278
28108	神戸市 垂水区	219474	28.11	7807.7	95473
28109	神戸市 北区	219805	240.29	914.7	87126
28110	神戸市 中央区	135153	28.97	4665.3	81022
28111	神戸市 西区	245782	138.01	1780.9	97233
28201	姫路市	535664	534.47	1002.2	212801
28202	尼崎市	452563	50.72	8922.8	210433
28203	明石市	293409	49.42	5937	121890
28204	西宮市	487850	99.96	4880.5	210965
28205	洲本市	44258	182.38	242.7	18081
28206	芦屋市	95350	18.47	5162.4	41881
28207	伊丹市	196883	25	7875.3	78903
28208	相生市	30129	90.4	333.3	12153
28209	豊岡市	82250	697.55	117.9	30189
28210	加古川市	267435	138.48	1931.2	103495
28212	赤穂市	48567	126.86	382.8	18729
28213	西脇市	40866	132.44	308.6	15049
28214	宝塚市	224903	101.8	2209.3	94140
28215	三木市	77178	176.51	437.2	28653
28216	高砂市	91030	34.38	2647.8	36340
28217	川西市	156375	53.44	2926.2	62675
28218	小野市	48580	92.94	522.7	16860
28219	三田市	112691	210.32	535.8	41070
28220	加西市	44313	150.98	293.5	15364
28221	篠山市	41490	377.59	109.9	15578
28222	養父市	24288	422.91	57.4	8713
28223	丹波市	64660	493.21	131.1	22553
28224	南あわじ市	46912	229.01	204.8	16968
28225	朝来市	30805	403.06	76.4	11500
28226	淡路市	43977	184.35	238.6	17451
28227	宍粟市	37773	658.54	57.4	12723
28228	加東市	40310	157.55	255.9	15086
28229	たつの市	77419	210.87	367.1	27297
28300	川辺郡	30838	90.33	341.4	10780
28301	猪名川町	30838	90.33	341.4	10780
28360	多可郡	21200	185.19	114.5	6665
28365	多可町	21200	185.19	114.5	6665
28380	加古郡	64759	44.05	1470.1	24284
28381	稲美町	31020	34.92	888.3	11026
28382	播磨町	33739	9.13	3695.4	13258
28440	神崎郡	43490	330.7	131.5	15038
28442	市川町	12300	82.67	148.8	4334
28443	福崎町	19738	45.79	431.1	6906
28446	神河町	11452	202.23	56.6	3798
28460	揖保郡	33690	22.61	1490	12092
28464	太子町	33690	22.61	1490	12092
28480	赤穂郡	15224	150.26	101.3	5715
28481	上郡町	15224	150.26	101.3	5715
28500	佐用郡	17510	307.44	57	6108
28501	佐用町	17510	307.44	57	6108
28580	美方郡	32889	609.78	53.9	11519
28585	香美町	18070	368.77	49	6228
28586	新温泉町	14819	241.01	61.5	5291
29000	奈良県	1364316	3690.94	369.6	530221
29001	市部	1082329	1272.23	850.7	424790
29002	郡部	281987	2418.7	116.6	105431
29201	奈良市	360310	276.94	1301	148920
29202	大和高田市	64817	16.48	3933.1	25619
29203	大和郡山市	87050	42.69	2039.1	34138
29204	天理市	67398	86.42	779.9	25810
29205	橿原市	124111	39.56	3137.3	49923
29206	桜井市	57244	98.91	578.7	21672
29207	五條市	30997	292.02	106.1	11199
29208	御所市	26868	60.58	443.5	10415
29209	生駒市	118233	53.15	2224.5	45593
29210	香芝市	77561	24.26	3197.1	27802
29211	葛城市	36635	33.72	1086.4	12544
29212	宇陀市	31105	247.5	125.7	11155
29320	山辺郡	3674	66.52	55.2	1144
29322	山添村	3674	66.52	55.2	1144
29340	生駒郡	77200	51.27	1505.8	29518
29342	平群町	18883	23.9	790.1	7158
29343	三郷町	23571	8.79	2681.6	9155
29344	斑鳩町	27303	14.27	1913.3	10330
29345	安堵町	7443	4.31	1726.9	2875
29360	磯城郡	47012	31.09	1512.1	17340
29361	川西町	8485	5.93	1430.9	3248
29362	三宅町	6836	4.06	1683.7	2629
29363	田原本町	31691	21.09	1502.7	11463
29380	宇陀郡	3308	127.34	26	1370
29385	曽爾村	1549	47.76	32.4	622
29386	御杖村	1759	79.58	22.1	748
29400	高市郡	12718	49.89	254.9	4175
29401	高取町	7195	25.79	279	2396
29402	明日香村	5523	24.1	229.2	1779
29420	北葛城郡	96507	37.68	2561.2	35156
29424	上牧町	22054	6.14	3591.9	8085
29425	王寺町	23025	7.01	3284.6	9347
29426	広陵町	33487	16.3	2054.4	11012
29427	河合町	17941	8.23	2180	6712
29440	吉野郡	41568	2054.91	20.2	16728
29441	吉野町	7399	95.65	77.4	2946
29442	大淀町	18069	38.1	474.3	6509
29443	下市町	5664	61.99	91.4	2232
29444	黒滝村	660	47.7	13.8	311
29446	天川村	1354	175.66	7.7	628
29447	野迫川村	449	154.9	2.9	227
29449	十津川村	3508	672.38	5.2	1578
29450	下北山村	895	133.39	6.7	517
29451	上北山村	512	274.22	1.9	270
29452	川上村	1313	269.26	4.9	680
29453	東吉野村	1745	131.65	13.3	830
30000	和歌山県	963579	4724.69	203.9	392332
30001	市部	753075	2070.11	363.8	307920
30002	郡部	210504	2654.59	79.3	84412
30201	和歌山市	364154	208.84	1743.7	153089
30202	海南市	51860	101.06	513.2	20678
30203	橋本市	63621	130.55	487.3	23653
30204	有田市	28470	36.89	771.8	10576
30205	御坊市	24801	43.91	564.8	9913
30206	田辺市	74770	1026.91	72.8	32163
30207	新宮市	29331	255.23	114.9	13617
30208	紀の川市	62616	228.21	274.4	23457
30209	岩出市	53452	38.51	1388	20774
30300	海草郡	9206	128.34	71.7	3762
30304	紀美野町	9206	128.34	71.7	3762
30340	伊都郡	24721	332.88	74.3	9432
30341	かつらぎ町	16992	151.69	112	6315
30343	九度山町	4377	44.15	99.1	1649
30344	高野町	3352	137.03	24.5	1468
30360	有田郡	45785	437.97	104.5	16684
30361	湯浅町	12200	20.79	586.8	4755
30362	広川町	7224	65.33	110.6	2503
30366	有田川町	26361	351.84	74.9	9426
30380	日高郡	51544	655.38	78.6	18958
30381	美浜町	7480	12.77	585.7	2964
30382	日高町	7641	46.19	165.4	2782
30383	由良町	5837	30.94	188.7	2223
30390	印南町	8068	113.62	71	2918
30391	みなべ町	12742	120.28	105.9	4421
30392	日高川町	9776	331.59	29.5	3650
30400	西牟婁郡	40649	432.8	93.9	17482
30401	白浜町	21533	200.96	107.2	9538
30404	上富田町	14989	57.37	261.3	6017
30406	すさみ町	4127	174.46	23.7	1927
30420	東牟婁郡	38599	667.22	57.9	18094
30421	那智勝浦町	15682	183.31	85.5	7296
30422	太地町	3087	5.81	531.3	1384
30424	古座川町	2826	294.23	9.6	1378
30427	北山村	446	48.2	9.3	239
30428	串本町	16558	135.67	122	7797
31000	鳥取県	573441	3507.05	163.5	216894
31001	市部	426248	1198.81	355.6	167620
31002	郡部	147193	2308.24	63.8	49274
31201	鳥取市	193717	765.31	253.1	75941
31202	米子市	149313	132.42	1127.6	60037
31203	倉吉市	49044	272.06	180.3	18548
31204	境港市	34174	29.02	1177.6	13094
31300	岩美郡	11485	122.32	93.9	3993
31302	岩美町	11485	122.32	93.9	3993
31320	八頭郡	27408	630.58	43.5	9117
31325	若桜町	3269	199.18	16.4	1271
31328	智頭町	7154	224.7	31.8	2487
31329	八頭町	16985	206.71	82.2	5359
31360	東伯郡	55276	508.37	108.7	18380
31364	三朝町	6490	233.52	27.8	2290
31370	湯梨浜町	16550	77.94	212.3	5482
31371	琴浦町	17416	139.97	124.4	5795
31372	北栄町	14820	56.94	260.3	4813
31380	西伯郡	41977	447.51	93.8	13562
31384	日吉津村	3439	4.2	818.8	1144
31386	大山町	16470	189.83	86.8	5300
31389	南部町	10950	114.03	96	3514
31390	伯耆町	11118	139.44	79.7	3604
31400	日野郡	11047	599.46	18.4	4222
31401	日南町	4765	340.96	14	1933
31402	日野町	3278	133.98	24.5	1279
31403	江府町	3004	124.52	24.1	1010
32000	島根県	694352	6708.24	103.5	265008
32001	市部	622185	4299.26	144.7	235764
32002	郡部	72167	2408.98	30	29244
32201	松江市	206230	572.99	359.9	83031
32202	浜田市	58105	690.66	84.1	24498
32203	出雲市	171938	624.36	275.4	60130
32204	益田市	47718	733.19	65.1	19037
32205	大田市	35166	435.71	80.7	13613
32206	安来市	39528	420.93	93.9	12805
32207	江津市	24468	268.24	91.2	10123
32209	雲南市	39032	553.18	70.6	12527
32340	仁多郡	13063	368.01	35.5	4464
32343	奥出雲町	13063	368.01	35.5	4464
32380	飯石郡	5031	242.88	20.7	1842
32386	飯南町	5031	242.88	20.7	1842
32440	邑智郡	19443	808.63	24	7691
32441	川本町	3442	106.43	32.3	1457
32448	美郷町	4900	282.92	17.3	2010
32449	邑南町	11101	419.29	26.5	4224
32500	鹿足郡	14027	643.54	21.8	6110
32501	津和野町	7653	307.03	24.9	3300
32505	吉賀町	6374	336.5	18.9	2810
32520	隠岐郡	20603	345.93	59.6	9137
32525	海士町	2353	33.43	70.4	1057
32526	西ノ島町	3027	55.96	54.1	1499
32527	知夫村	615	13.7	44.9	331
32528	隠岐の島町	14608	242.83	60.2	6250
33000	岡山県	1921525	7114.5	270.1	772977
33001	市部	1806324	5611.91	321.9	731293
33002	郡部	115201	1502.59	76.7	41684
33100	岡山市	719474	789.96	910.8	309409
33101	岡山市 北区	309484	450.7	686.7	146147
33102	岡山市 中区	146232	51.25	2853.3	61528
33103	岡山市 東区	95577	160.53	595.4	36198
33104	岡山市 南区	168181	127.48	1319.3	65536
33202	倉敷市	477118	355.63	1341.6	189847
33203	津山市	103746	506.33	204.9	40303
33204	玉野市	60736	103.58	586.4	24764
33205	笠岡市	50568	136.39	370.8	19189
33207	井原市	41390	243.54	170	14914
33208	総社市	66855	211.9	315.5	24863
33209	高梁市	32075	546.99	58.6	13481
33210	新見市	30658	793.29	38.6	11648
33211	備前市	35179	258.17	136.3	13878
33212	瀬戸内市	36975	125.45	294.7	13839
33213	赤磐市	43214	209.36	206.4	15730
33214	真庭市	46124	828.53	55.7	16084
33215	美作市	27977	429.29	65.2	10881
33216	浅口市	34235	66.46	515.1	12463
33340	和気郡	14412	144.21	99.9	5236
33346	和気町	14412	144.21	99.9	5236
33420	都窪郡	12154	7.62	1595	4349
33423	早島町	12154	7.62	1595	4349
33440	浅口郡	10929	12.23	893.6	4027
33445	里庄町	10929	12.23	893.6	4027
33460	小田郡	14201	90.62	156.7	4955
33461	矢掛町	14201	90.62	156.7	4955
33580	真庭郡	866	67.11	12.9	330
33586	新庄村	866	67.11	12.9	330
33600	苫田郡	12847	419.68	30.6	4669
33606	鏡野町	12847	419.68	30.6	4669
33620	勝田郡	17031	123.56	137.8	6032
33622	勝央町	11125	54.05	205.8	4054
33623	奈義町	5906	69.52	85	1978
33640	英田郡	1472	57.97	25.4	561
33643	西粟倉村	1472	57.97	25.4	561
33660	久米郡	19339	310.81	62.2	7151
33663	久米南町	4907	78.65	62.4	1893
33666	美咲町	14432	232.17	62.2	5258
33680	加賀郡	11950	268.78	44.5	4374
33681	吉備中央町	11950	268.78	44.5	4374
34000	広島県	2843990	8479.45	335.4	1211425
34001	市部	2668832	6714.48	397.5	1139326
34002	郡部	175158	1764.97	99.2	72099
34100	広島市	1194034	906.53	1317.1	531605
34101	広島市 中区	136640	15.32	8919.1	76889
34102	広島市 東区	120155	39.42	3048.1	51790
34103	広島市 南区	142728	26.3	5426.9	68785
34104	広島市 西区	190929	35.61	5361.7	90461
34105	広島市 安佐南区	242512	117.24	2068.5	99411
34106	広島市 安佐北区	145018	353.33	410.4	57151
34107	広島市 安芸区	79353	94.08	843.5	31302
34108	広島市 佐伯区	136699	225.22	607	55816
34202	呉市	228552	352.8	647.8	97412
34203	竹原市	26426	118.23	223.5	11204
34204	三原市	96194	471.55	204	39888
34205	尾道市	138626	285.09	486.3	57759
34207	福山市	464811	518.14	897.1	185555
34208	府中市	40069	195.75	204.7	15039
34209	三次市	53615	778.14	68.9	21376
34210	庄原市	37000	1246.49	29.7	14455
34211	大竹市	27865	78.66	354.2	11749
34212	東広島市	192907	635.16	303.7	84847
34213	廿日市市	114906	489.48	234.8	46039
34214	安芸高田市	29488	537.75	54.8	11657
34215	江田島市	24339	100.7	241.7	10741
34300	安芸郡	116222	73.66	1577.8	47917
34302	府中町	51053	10.41	4904.2	21109
34304	海田町	28667	13.79	2078.8	12246
34307	熊野町	23755	33.76	703.6	9430
34309	坂町	12747	15.69	812.4	5132
34360	山県郡	25390	988.09	25.7	10509
34368	安芸太田町	6472	341.89	18.9	2781
34369	北広島町	18918	646.2	29.3	7728
34420	豊田郡	7992	43.11	185.4	3898
34431	大崎上島町	7992	43.11	185.4	3898
34460	世羅郡	16337	278.14	58.7	6242
34462	世羅町	16337	278.14	58.7	6242
34540	神石郡	9217	381.98	24.1	3533
34545	神石高原町	9217	381.98	24.1	3533
35000	山口県	1404729	6112.3	229.8	598834
35001	市部	1346864	5727.99	235.1	574170
35002	郡部	57865	384.31	150.6	24664
35201	下関市	268517	715.89	375.1	116298
35202	宇部市	169429	286.65	591.1	73225
35203	山口市	197422	1023.23	192.9	84994
35204	萩市	49560	698.31	71	21620
35206	防府市	115942	189.37	612.3	47573
35207	下松市	55812	89.35	624.6	23757
35208	岩国市	136757	873.72	156.5	59080
35210	光市	51369	92.13	557.6	20953
35211	長門市	35439	357.29	99.2	14666
35212	柳井市	32945	140.05	235.2	14170
35213	美祢市	26159	472.64	55.3	10095
35215	周南市	144842	656.29	220.7	61999
35216	山陽小野田市	62671	133.09	470.9	25740
35300	大島郡	17199	138.09	124.5	8038
35305	周防大島町	17199	138.09	124.5	8038
35320	玖珂郡	6285	10.58	594	2593
35321	和木町	6285	10.58	594	2593
35340	熊毛郡	30918	119.69	258.3	12541
35341	上関町	2803	34.69	80.8	1459
35343	田布施町	15317	50.42	303.8	6131
35344	平生町	12798	34.58	370.1	4951
35500	阿武郡	3463	115.95	29.9	1492
35502	阿武町	3463	115.95	29.9	1492
36000	徳島県	755733	4146.65	182.3	305754
36001	市部	565434	2075.32	272.5	232248
36002	郡部	190299	2071.33	91.9	73506
36201	徳島市	258554	191.25	1351.9	115015
36202	鳴門市	59101	135.66	435.7	23234
36203	小松島市	38755	45.37	854.2	15233
36204	阿南市	73019	279.25	261.5	27193
36205	吉野川市	41466	144.14	287.7	15714
36206	阿波市	37202	191.11	194.7	13108
36207	美馬市	30501	367.14	83.1	11440
36208	三好市	26836	721.42	37.2	11311
36300	勝浦郡	6846	179.46	38.1	2592
36301	勝浦町	5301	69.83	75.9	1860
36302	上勝町	1545	109.63	14.1	732
36320	名東郡	2289	42.28	54.1	793
36321	佐那河内村	2289	42.28	54.1	793
36340	名西郡	30890	202.16	152.8	11483
36341	石井町	25590	28.85	887	9327
36342	神山町	5300	173.3	30.6	2156
36360	那賀郡	8402	694.98	12.1	3481
36368	那賀町	8402	694.98	12.1	3481
36380	海部郡	20634	525.07	39.3	8970
36383	牟岐町	4259	56.62	75.2	1871
36387	美波町	7092	140.8	50.4	2901
36388	海陽町	9283	327.65	28.3	4198
36400	板野郡	97673	110.06	887.5	37024
36401	松茂町	15204	14.24	1067.7	5881
36402	北島町	22446	8.74	2568.2	8824
36403	藍住町	34626	16.27	2128.2	13133
36404	板野町	13358	36.22	368.8	4930
36405	上板町	12039	34.58	348.1	4256
36460	美馬郡	8927	194.84	45.8	3838
36468	つるぎ町	8927	194.84	45.8	3838
36480	三好郡	14638	122.48	119.5	5325
36489	東みよし町	14638	122.48	119.5	5325
37000	香川県	976263	1876.72	520.2	398551
37001	市部	823085	1271.62	647.3	337176
37002	郡部	153178	605.11	253.1	61375
37201	高松市	420748	375.41	1120.8	182047
37202	丸亀市	110010	111.78	984.2	43853
37203	坂出市	53164	92.49	574.8	21361
37204	善通寺市	32927	39.93	824.6	12977
37205	観音寺市	59409	117.84	504.1	21984
37206	さぬき市	50272	158.63	316.9	19752
37207	東かがわ市	31031	152.83	203	12441
37208	三豊市	65524	222.71	294.2	22761
37320	小豆郡	28864	169.96	169.8	12472
37322	土庄町	14002	74.37	188.3	6061
37324	小豆島町	14862	95.59	155.5	6411
37340	木田郡	27684	75.78	365.3	10667
37341	三木町	27684	75.78	365.3	10667
37360	香川郡	3139	14.22	220.7	1519
37364	直島町	3139	14.22	220.7	1519
37380	綾歌郡	42562	117.84	361.2	17013
37386	宇多津町	18952	8.1	2339.8	8465
37387	綾川町	23610	109.75	215.1	8548
37400	仲多度郡	50929	227.3	224.1	19704
37403	琴平町	9186	8.47	1084.5	3708
37404	多度津町	23366	24.38	958.4	9551
37406	まんのう町	18377	194.45	94.5	6445
38000	愛媛県	1385262	5676.11	244.1	591972
38001	市部	1255330	3967.31	316.4	537991
38002	郡部	129932	1708.8	76	53981
38201	松山市	514865	429.37	1199.1	230509
38202	今治市	158114	419.13	377.2	67105
38203	宇和島市	77465	468.16	165.5	32732
38204	八幡浜市	34951	132.68	263.4	14995
38205	新居浜市	119903	234.46	511.4	50653
38206	西条市	108174	509.98	212.1	44595
38207	大洲市	44086	432.22	102	18057
38210	伊予市	36827	194.44	189.4	14003
38213	四国中央市	87413	421.24	207.5	34999
38214	西予市	38919	514.34	75.7	16365
38215	東温市	34613	211.3	163.8	13978
38340	越智郡	7135	30.38	234.9	3386
38356	上島町	7135	30.38	234.9	3386
38380	上浮穴郡	8447	583.69	14.5	4052
38386	久万高原町	8447	583.69	14.5	4052
38400	伊予郡	51303	121.99	420.6	19881
38401	松前町	30064	20.41	1473	11525
38402	砥部町	21239	101.59	209.1	8356
38420	喜多郡	16742	299.43	55.9	6475
38422	内子町	16742	299.43	55.9	6475
38440	西宇和郡	9626	93.98	102.4	4488
38442	伊方町	9626	93.98	102.4	4488
38480	北宇和郡	14777	340.34	43.4	6289
38484	松野町	4072	98.45	41.4	1675
38488	鬼北町	10705	241.88	44.3	4614
38500	南宇和郡	21902	238.99	91.6	9410
38506	愛南町	21902	238.99	91.6	9410
39000	高知県	728276	7103.93	102.5	319011
39001	市部	595389	3075.78	193.6	261781
39002	郡部	132887	4028.15	33	57230
39201	高知市	337190	308.99	1091.3	153594
39202	室戸市	13524	248.18	54.5	6512
39203	安芸市	17577	317.21	55.4	7604
39204	南国市	47982	125.3	382.9	19481
39205	土佐市	27038	91.49	295.5	10255
39206	須崎市	22606	135.44	166.9	9121
39208	宿毛市	20907	286.19	73.1	8925
39209	土佐清水市	13778	266.34	51.7	6586
39210	四万十市	34313	632.29	54.3	14771
39211	香南市	32961	126.48	260.6	12953
39212	香美市	27513	537.86	51.2	11979
39300	安芸郡	17249	563.13	30.6	7651
39301	東洋町	2584	74.06	34.9	1382
39302	奈半利町	3326	28.36	117.3	1474
39303	田野町	2733	6.53	418.5	1188
39304	安田町	2631	52.36	50.2	1146
39305	北川村	1294	196.73	6.6	582
39306	馬路村	823	165.48	5	391
39307	芸西村	3858	39.6	97.4	1488
39340	長岡郡	7535	449.28	16.8	3738
39341	本山町	3573	134.22	26.6	1688
39344	大豊町	3962	315.06	12.6	2050
39360	土佐郡	4393	307.4	14.3	1944
39363	土佐町	3997	212.13	18.8	1734
39364	大川村	396	95.27	4.2	210
39380	吾川郡	28318	803.97	35.2	11976
39386	いの町	22767	470.97	48.3	9198
39387	仁淀川町	5551	333	16.7	2778
39400	高岡郡	57506	1527.48	37.6	23950
39401	中土佐町	6840	193.28	35.4	2916
39402	佐川町	13114	100.8	130.1	5237
39403	越知町	5795	111.95	51.8	2518
39405	檮原町	3608	236.45	15.3	1560
39410	日高村	5030	44.85	112.2	1968
39411	津野町	5794	197.85	29.3	2297
39412	四万十町	17325	642.3	27	7454
39420	幡多郡	17886	376.9	47.5	7971
39424	大月町	5095	102.94	49.5	2369
39427	三原村	1574	85.37	18.4	703
39428	黒潮町	11217	188.59	59.5	4899
40000	福岡県	5101556	4986.4	1023.1	2201037
40001	市部	4448474	3688.04	1206.2	1952901
40002	郡部	653082	1298.35	503	248136
40100	北九州市	961286	491.95	1954	426325
40101	北九州市 門司区	99637	73.67	1352.5	43082
40103	北九州市 若松区	82844	71.31	1161.7	33692
40105	北九州市 戸畑区	59116	16.61	3559.1	27797
40106	北九州市 小倉北区	181878	39.23	4636.2	91253
40107	北九州市 小倉南区	212850	171.74	1239.4	88497
40108	北九州市 八幡東区	68844	36.26	1898.6	31442
40109	北九州市 八幡西区	256117	83.13	3080.9	110562
40130	福岡市	1538681	343.39	4480.9	764820
40131	福岡市 東区	306015	69.36	4412	141682
40132	福岡市 博多区	228441	31.63	7222.3	138832
40133	福岡市 中央区	192688	15.4	12512.2	116186
40134	福岡市 南区	255797	30.98	8256.8	119637
40135	福岡市 西区	206868	84.17	2457.7	88142
40136	福岡市 城南区	130995	15.99	8192.3	64606
40137	福岡市 早良区	217877	95.87	2272.6	95735
40202	大牟田市	117360	81.45	1440.9	49398
40203	久留米市	304552	229.96	1324.4	121913
40204	直方市	57146	61.76	925.3	23281
40205	飯塚市	129146	214.07	603.3	54732
40206	田川市	48441	54.55	888	20955
40207	柳川市	67777	77.15	878.5	23453
40210	八女市	64408	482.44	133.5	22109
40211	筑後市	48339	41.78	1157	17379
40212	大川市	34838	33.62	1036.2	12709
40213	行橋市	70586	70.05	1007.7	28648
40214	豊前市	25940	111.1	233.5	10070
40215	中間市	41796	15.96	2618.8	17414
40216	小郡市	57983	45.51	1274.1	20964
40217	筑紫野市	101081	87.73	1152.2	39350
40218	春日市	110743	14.15	7826.4	43720
40219	大野城市	99525	26.89	3701.2	39885
40220	宗像市	96516	119.91	804.9	38995
40221	太宰府市	72168	29.6	2438.1	29107
40223	古賀市	57959	42.07	1377.7	22320
40224	福津市	58781	52.76	1114.1	22272
40225	うきは市	29509	117.46	251.2	9940
40226	宮若市	28112	139.99	200.8	10737
40227	嘉麻市	38743	135.11	286.8	15637
40228	朝倉市	52444	246.71	212.6	19088
40229	みやま市	38139	105.21	362.5	12941
40230	糸島市	96475	215.7	447.3	34739
40300	筑紫郡	50004	74.95	667.2	18291
40305	那珂川町	50004	74.95	667.2	18291
40340	糟屋郡	225585	164.64	1370.2	83944
40341	宇美町	37927	30.21	1255.4	13119
40342	篠栗町	31210	38.93	801.7	11539
40343	志免町	45256	8.69	5207.8	17591
40344	須恵町	27263	16.31	1671.6	9919
40345	新宮町	30344	18.93	1603	10946
40348	久山町	8225	37.44	219.7	2825
40349	粕屋町	45360	14.13	3210.2	18005
40380	遠賀郡	93662	93.41	1002.7	36846
40381	芦屋町	14208	11.6	1224.8	5573
40382	水巻町	28997	11.01	2633.7	12220
40383	岡垣町	31580	48.64	649.3	11784
40384	遠賀町	18877	22.15	852.2	7269
40400	鞍手郡	23817	49.78	478.4	9724
40401	小竹町	7810	14.18	550.8	3331
40402	鞍手町	16007	35.6	449.6	6393
40420	嘉穂郡	13496	20.14	670.1	5226
40421	桂川町	13496	20.14	670.1	5226
40440	朝倉郡	31480	119.06	264.4	10509
40447	筑前町	29306	67.1	436.8	9767
40448	東峰村	2174	51.97	41.8	742
40500	三井郡	15138	22.84	662.8	5008
40503	大刀洗町	15138	22.84	662.8	5008
40520	三潴郡	14176	18.44	768.8	4556
40522	大木町	14176	18.44	768.8	4556
40540	八女郡	20183	37.94	532	7007
40544	広川町	20183	37.94	532	7007
40600	田川郡	77663	309.18	251.2	31527
40601	香春町	10861	44.5	244.1	4429
40602	添田町	9924	132.2	75.1	4029
40604	糸田町	9020	8.04	1121.9	3814
40605	川崎町	16789	36.14	464.6	7349
40608	大任町	5176	14.26	363	2052
40609	赤村	3022	31.98	94.5	1127
40610	福智町	22871	42.06	543.8	8727
40620	京都郡	55206	200.22	275.7	22868
40621	苅田町	34963	48.88	715.3	15341
40625	みやこ町	20243	151.34	133.8	7527
40640	築上郡	32672	187.77	174	12630
40642	吉富町	6627	5.72	1158.6	2589
40646	上毛町	7458	62.44	119.4	2791
40647	築上町	18587	119.61	155.4	7250
41000	佐賀県	832832	2440.68	341.2	302109
41001	市部	689229	1998.22	344.9	253305
41002	郡部	143603	442.46	324.6	48804
41201	佐賀市	236372	431.84	547.4	93306
41202	唐津市	122785	487.58	251.8	43872
41203	鳥栖市	72902	71.72	1016.5	27630
41204	多久市	19749	96.96	203.7	6847
41205	伊万里市	55238	255.25	216.4	19698
41206	武雄市	49062	195.4	251.1	16932
41207	鹿島市	29684	112.12	264.8	10124
41208	小城市	44259	95.81	461.9	14769
41209	嬉野市	27336	126.41	216.2	9214
41210	神埼市	31842	125.13	254.5	10913
41320	神埼郡	16411	43.99	373.1	5891
41327	吉野ヶ里町	16411	43.99	373.1	5891
41340	三養基郡	52062	86.86	599.4	18219
41341	基山町	17501	22.15	790.1	6321
41345	上峰町	9283	12.8	725.2	3260
41346	みやき町	25278	51.92	486.9	8638
41380	東松浦郡	5902	35.92	164.3	1918
41387	玄海町	5902	35.92	164.3	1918
41400	西松浦郡	20148	65.85	306	6900
41401	有田町	20148	65.85	306	6900
41420	杵島郡	40301	135.54	297.3	13038
41423	大町町	6777	11.5	589.3	2560
41424	江北町	9583	24.49	391.3	3225
41425	白石町	23941	99.56	240.5	7253
41440	藤津郡	8779	74.3	118.2	2838
41441	太良町	8779	74.3	118.2	2838
42000	長崎県	1377187	4132.09	333.3	560720
42001	市部	1231675	3643.03	338.1	505234
42002	郡部	145512	489.06	297.5	55486
42201	長崎市	429508	405.86	1058.3	189419
42202	佐世保市	255439	426.06	599.5	105011
42203	島原市	45436	82.97	547.6	17068
42204	諫早市	138078	341.79	404	51897
42205	大村市	92757	126.62	732.6	36070
42207	平戸市	31920	235.08	135.8	12421
42208	松浦市	23309	130.55	178.5	8994
42209	対馬市	31457	708.63	44.4	13393
42210	壱岐市	27103	139.42	194.4	10002
42211	五島市	37327	420.05	88.9	17425
42212	西海市	28691	241.59	118.8	11494
42213	雲仙市	44115	214.31	205.8	15376
42214	南島原市	46535	170.11	273.6	16664
42300	西彼杵郡	72352	49.67	1456.7	27374
42307	長与町	42548	28.73	1481	16237
42308	時津町	29804	20.94	1423.3	11137
42320	東彼杵郡	37256	167.64	222.2	12804
42321	東彼杵町	8298	74.29	111.7	2744
42322	川棚町	14067	37.35	376.6	5103
42323	波佐見町	14891	56	265.9	4957
42380	北松浦郡	16186	57.8	280	6312
42383	小値賀町	2560	25.53	100.3	1210
42391	佐々町	13626	32.27	422.2	5102
42400	南松浦郡	19718	213.94	92.2	8996
42411	新上五島町	19718	213.94	92.2	8996
43000	熊本県	1786170	7409.35	241.1	704730
43001	市部	1440120	3735.11	385.6	578450
43002	郡部	346050	3674.24	94.2	126280
43100	熊本市	740822	390.32	1898	315456
43101	熊本市 中央区	186300	25.45	7320.2	95754
43102	熊本市 東区	190451	50.19	3794.6	78406
43103	熊本市 西区	93171	89.33	1043	38944
43104	熊本市 南区	127769	110.01	1161.4	47144
43105	熊本市 北区	143131	115.34	1240.9	55208
43202	八代市	127472	681.36	187.1	47972
43203	人吉市	33880	210.55	160.9	13849
43204	荒尾市	53407	57.37	930.9	20910
43205	水俣市	25411	163.29	155.6	10639
43206	玉名市	66782	152.6	437.6	24474
43208	山鹿市	52264	299.69	174.4	19145
43210	菊池市	48167	276.85	174	16949
43211	宇土市	37026	74.3	498.3	13285
43212	上天草市	27006	126.91	212.8	10477
43213	宇城市	59756	188.61	316.8	21432
43214	阿蘇市	27018	376.3	71.8	10078
43215	天草市	82739	683.78	121	33224
43216	合志市	58370	53.19	1097.4	20560
43340	下益城郡	10333	144	71.8	3611
43348	美里町	10333	144	71.8	3611
43360	玉名郡	41131	211.46	194.5	15036
43364	玉東町	5265	24.33	216.4	1825
43367	南関町	9786	68.92	142	3560
43368	長洲町	15889	19.43	817.8	6139
43369	和水町	10191	98.78	103.2	3512
43400	菊池郡	74436	136.56	545.1	28655
43403	大津町	33452	99.1	337.6	12705
43404	菊陽町	40984	37.46	1094.1	15950
43420	阿蘇郡	37375	703.25	53.1	14453
43423	南小国町	4048	115.9	34.9	1642
43424	小国町	7187	136.94	52.5	2805
43425	産山村	1510	60.81	24.8	526
43428	高森町	6325	175.06	36.1	2463
43432	西原村	6802	77.22	88.1	2341
43433	南阿蘇村	11503	137.32	83.8	4676
43440	上益城郡	85768	783.96	109.4	30268
43441	御船町	17237	99.03	174.1	6317
43442	嘉島町	9054	16.65	543.8	3170
43443	益城町	33611	65.68	511.7	11477
43444	甲佐町	10717	57.93	185	3710
43447	山都町	15149	544.67	27.8	5594
43460	八代郡	11994	33.36	359.5	3878
43468	氷川町	11994	33.36	359.5	3878
43480	葦北郡	22334	268.07	83.3	8225
43482	芦北町	17661	233.98	75.5	6481
43484	津奈木町	4673	34.09	137.1	1744
43500	球磨郡	54940	1326.02	41.4	19259
43501	錦町	10766	85.04	126.6	3641
43505	多良木町	9791	165.86	59	3537
43506	湯前町	3985	48.37	82.4	1479
43507	水上村	2232	190.96	11.7	822
43510	相良村	4468	94.54	47.3	1504
43511	五木村	1055	252.92	4.2	461
43512	山江村	3422	121.19	28.2	1149
43513	球磨村	3698	207.58	17.8	1368
43514	あさぎり町	15523	159.56	97.3	5298
43520	天草郡	7739	67.57	114.5	2895
43531	苓北町	7739	67.57	114.5	2895
44000	大分県	1166338	6340.71	183.9	486535
44001	市部	1110821	5702.51	194.8	465340
44002	郡部	55517	638.19	87	21195
44201	大分市	478146	502.39	951.7	203515
44202	別府市	122138	125.34	974.5	55624
44203	中津市	83965	491.53	170.8	35785
44204	日田市	66523	666.03	99.9	25238
44205	佐伯市	72211	903.11	80	29574
44206	臼杵市	38748	291.2	133.1	15077
44207	津久見市	17969	79.48	226.1	7518
44208	竹田市	22332	477.53	46.8	9100
44209	豊後高田市	22853	206.24	110.8	9572
44210	杵築市	30185	280.08	107.8	12084
44211	宇佐市	56258	439.05	128.1	22524
44212	豊後大野市	36584	603.14	60.7	14326
44213	由布市	34262	319.32	107.3	13291
44214	国東市	28647	318.08	90.1	12112
44320	東国東郡	1991	6.98	285.2	879
44322	姫島村	1991	6.98	285.2	879
44340	速見郡	28058	73.32	382.7	10855
44341	日出町	28058	73.32	382.7	10855
44460	玖珠郡	25468	557.88	45.7	9461
44461	九重町	9645	271.37	35.5	3473
44462	玖珠町	15823	286.51	55.2	5988
45000	宮崎県	1104069	7735.31	142.7	462858
45001	市部	922398	4617.92	199.7	392639
45002	郡部	181671	3117.39	58.3	70219
45201	宮崎市	401138	643.67	623.2	175408
45202	都城市	165029	653.36	252.6	69965
45203	延岡市	125159	868.02	144.2	51751
45204	日南市	54090	536.11	100.9	22678
45205	小林市	46221	562.95	82.1	19498
45206	日向市	61761	336.93	183.3	24815
45207	串間市	18779	295.16	63.6	7952
45208	西都市	30683	438.79	69.9	12004
45209	えびの市	19538	282.93	69.1	8568
45340	北諸県郡	25404	110.02	230.9	9967
45341	三股町	25404	110.02	230.9	9967
45360	西諸県郡	9300	85.39	108.9	3914
45361	高原町	9300	85.39	108.9	3914
45380	東諸県郡	26951	225.82	119.3	10521
45382	国富町	19606	130.63	150.1	7606
45383	綾町	7345	95.19	77.2	2915
45400	児湯郡	71218	715.03	99.6	27397
45401	高鍋町	21025	43.8	480	8678
45402	新富町	17373	61.53	282.4	6376
45403	西米良村	1089	271.51	4	509
45404	木城町	5231	145.96	35.8	1958
45405	川南町	16109	90.12	178.8	5936
45406	都農町	10391	102.11	101.8	3940
45420	東臼杵郡	28210	1294.2	21.8	10972
45421	門川町	18183	120.51	150.9	6824
45429	諸塚村	1739	187.56	9.3	688
45430	椎葉村	2808	537.29	5.2	1128
45431	美郷町	5480	448.84	12.2	2332
45440	西臼杵郡	20588	686.93	30	7448
45441	高千穂町	12755	237.54	53.7	4678
45442	日之影町	3946	277.67	14.2	1493
45443	五ヶ瀬町	3887	171.73	22.6	1277
46000	鹿児島県	1648177	9186.94	179.4	724690
46001	市部	1459172	5956.81	245	640524
46002	郡部	189005	3230.12	58.5	84166
46201	鹿児島市	599814	547.55	1095.5	270269
46203	鹿屋市	103608	448.15	231.2	44911
46204	枕崎市	22046	74.78	294.8	10062
46206	阿久根市	21198	134.29	157.9	9196
46208	出水市	53758	329.98	162.9	22508
46210	指宿市	41831	148.84	281	18509
46213	西之表市	15967	205.66	77.6	7368
46214	垂水市	15520	162.12	95.7	6988
46215	薩摩川内市	96076	682.92	140.7	40686
46216	日置市	49249	253.01	194.7	19649
46217	曽於市	36557	390.11	93.7	16134
46218	霧島市	125857	603.18	208.7	54334
46219	いちき串木野市	29282	112.3	260.7	12159
46220	南さつま市	35439	283.59	125	15361
46221	志布志市	31479	290.28	108.4	13869
46222	奄美市	43156	308.27	140	19627
46223	南九州市	36352	357.91	101.6	15349
46224	伊佐市	26810	392.56	68.3	12110
46225	姶良市	75173	231.25	325.1	31435
46300	鹿児島郡	1163	132.54	8.8	650
46303	三島村	407	31.4	13	223
46304	十島村	756	101.14	7.5	427
46380	薩摩郡	22400	303.9	73.7	9690
46392	さつま町	22400	303.9	73.7	9690
46400	出水郡	10431	116.13	89.8	4137
46404	長島町	10431	116.13	89.8	4137
46440	姶良郡	10327	144.29	71.6	4323
46452	湧水町	10327	144.29	71.6	4323
46460	曽於郡	13241	100.67	131.5	6074
46468	大崎町	13241	100.67	131.5	6074
46480	肝属郡	37659	712.64	52.8	16801
46482	東串良町	6530	27.78	235.1	2826
46490	錦江町	7923	163.19	48.6	3442
46491	南大隅町	7542	213.57	35.3	3559
46492	肝付町	15664	308.1	50.8	6974
46500	熊毛郡	26793	788.03	34	12601
46501	中種子町	8135	137.18	59.3	3741
46502	南種子町	5745	110.36	52.1	2727
46505	屋久島町	12913	540.48	23.9	6133
46520	大島郡	66991	931.91	71.9	29890
46523	大和村	1530	88.26	17.3	709
46524	宇検村	1722	103.07	16.7	866
46525	瀬戸内町	9042	239.65	37.7	4413
46527	龍郷町	5806	81.82	71	2414
46529	喜界町	7212	56.82	126.9	3363
46530	徳之島町	11160	104.92	106.4	4960
46531	天城町	5975	80.4	74.3	2623
46532	伊仙町	6362	62.71	101.5	2885
46533	和泊町	6783	40.39	167.9	2909
46534	知名町	6213	53.3	116.6	2692
46535	与論町	5186	20.58	252	2056
47000	沖縄県	1433566	2281.12	628.4	560424
47001	市部	1110193	976.18	1137.3	439964
47002	郡部	323373	1304.76	247.8	120460
47201	那覇市	319435	39.57	8072.7	135532
47205	宜野湾市	96243	19.8	4860.8	39333
47207	石垣市	47564	229.34	207.4	20514
47208	浦添市	114232	19.48	5864.1	44041
47209	名護市	61674	210.9	292.4	26142
47210	糸満市	58547	46.62	1255.8	20647
47211	沖縄市	139279	49.72	2801.3	53325
47212	豊見城市	61119	19.6	3118.3	21780
47213	うるま市	118898	87.01	1366.5	42378
47214	宮古島市	51186	204.2	250.7	21977
47215	南城市	42016	49.94	841.3	14295
47300	国頭郡	64496	577.24	111.7	25394
47301	国頭村	4908	194.8	25.2	2061
47302	大宜味村	3060	63.55	48.2	1262
47303	東村	1720	81.88	21	748
47306	今帰仁村	9531	39.93	238.7	3490
47308	本部町	13536	54.35	249.1	5237
47311	恩納村	10652	50.82	209.6	4065
47313	宜野座村	5597	31.3	178.8	2003
47314	金武町	11232	37.84	296.8	4611
47315	伊江村	4260	22.78	187	1917
47320	中頭郡	151607	107.31	1412.8	54842
47324	読谷村	39504	35.28	1119.7	13658
47325	嘉手納町	13685	15.12	905.1	5069
47326	北谷町	28308	13.93	2032.2	10724
47327	北中城村	16148	11.54	1399.3	5541
47328	中城村	19454	15.53	1252.7	7209
47329	西原町	34508	15.9	2170.3	12641
47340	島尻郡	100235	234.88	426.7	36552
47348	与那原町	18410	5.18	3554.1	7003
47350	南風原町	37502	10.76	3485.3	12763
47353	渡嘉敷村	730	19.23	38	417
47354	座間味村	870	16.74	52	453
47355	粟国村	759	7.65	99.2	429
47356	渡名喜村	430	3.87	111.1	267
47357	南大東村	1329	30.53	43.5	686
47358	北大東村	629	13.09	48.1	333
47359	伊平屋村	1238	21.82	56.7	516
47360	伊是名村	1517	15.42	98.4	695
47361	久米島町	7755	63.65	121.8	3365
47362	八重瀬町	29066	26.96	1078.1	9625
47370	宮古郡	1194	21.99	54.3	470
47375	多良間村	1194	21.99	54.3	470
47380	八重山郡	5841	363.35	16.1	3202
47381	竹富町	3998	334.39	12	2122
47382	与那国町	1843	28.96	63.6	1080
